0.06 SoundPlay.WPNSwingFx
0.06 PIE.@SGVF|MCO_AttackSpeed|1.0
0.06 PIE.@SGVI|MCO_NextAttack|8
0.06 PIE.@SGVI|MCO_NextPowerAttack|8
0.0 FH_Dodge1
0.06666666666666667 CastOKStart
0.1 preHitFrame
0.16666666666666666 FootScuffLeft
0.6 FootScuffRight
0.6666666666666666 PIE.$FHFX
0.6666666666666666 SoundPlay.FHPSound
0.9666666666666667 FootScuffRight
1.25 FootScuffLeft
1.5 PIE.$FMelee_Dust
1.5333333333333334 FootScuffRight
1.6 weaponSwing
1.6 PIE.$HitPushX2
1.6833333333333333 HitFrame
1.90 MCO_WinOpen
1.90 MCO_PowerWinOpen
2.2333333333333334 MCO_WinClose
2.2333333333333334 MCO_PowerWinClose
2.2333333333333334 MCO_Recovery
2.3666666666666667 FootScuffLeft
0.0 animmotion 0.0 0.0 0
0.016666666666666666 animmotion 0.0 -0.15 0
0.03333333333333333 animmotion 0.0 -0.6 0
0.05 animmotion 0.0 -1.34 0
0.06666666666666667 animmotion 0.0 -2.38 0
0.08333333333333333 animmotion 0.0 -3.71 0
0.1 animmotion 0.0 -5.33 0
0.11666666666666667 animmotion 0.0 -7.24 0
0.13333333333333333 animmotion 0.0 -9.43 0
0.15 animmotion 0.0 -11.91 0
0.16666666666666666 animmotion 0.0 -14.67 0
0.18333333333333332 animmotion 0.0 -17.71 0
0.2 animmotion 0.0 -21.02 0
0.21666666666666667 animmotion 0.0 -24.6 0
0.23333333333333334 animmotion 0.0 -28.44 0
0.25 animmotion 0.0 -32.5 0
0.26666666666666666 animmotion 0.0 -36.76 0
0.2833333333333333 animmotion 0.0 -41.2 0
0.3 animmotion 0.0 -45.8 0
0.31666666666666665 animmotion 0.0 -50.53 0
0.3333333333333333 animmotion 0.0 -55.37 0
0.35 animmotion 0.0 -60.29 0
0.36666666666666664 animmotion 0.0 -65.26 0
0.38333333333333336 animmotion 0.0 -70.28 0
0.4 animmotion 0.0 -75.3 0
0.4166666666666667 animmotion 0.0 -80.32 0
0.43333333333333335 animmotion 0.0 -85.29 0
0.45 animmotion 0.0 -90.21 0
0.4666666666666667 animmotion 0.0 -95.04 0
0.48333333333333334 animmotion 0.0 -99.77 0
0.5 animmotion 0.0 -104.36 0
0.5166666666666667 animmotion 0.0 -108.8 0
0.5333333333333333 animmotion 0.0 -113.06 0
0.55 animmotion 0.0 -117.12 0
0.5666666666666667 animmotion 0.0 -120.94 0
0.5833333333333334 animmotion 0.0 -124.52 0
0.6 animmotion 0.0 -127.82 0
0.6166666666666667 animmotion 0.0 -130.83 0
0.6333333333333333 animmotion 0.0 -133.51 0
0.65 animmotion 0.0 -135.84 0
0.6666666666666666 animmotion 0.0 -137.8 0
0.6833333333333333 animmotion 0.0 -139.37 0
0.7 animmotion 0.0 -140.52 0
0.7166666666666667 animmotion 0.0 -141.23 0
0.7333333333333333 animmotion 0.0 -141.47 0
0.75 animmotion 0.0 -141.46 0
0.7666666666666667 animmotion 0.0 -141.4 0
0.7833333333333333 animmotion 0.0 -141.23 0
0.8 animmotion 0.0 -140.92 0
0.8166666666666667 animmotion 0.0 -140.39 0
0.8333333333333334 animmotion 0.0 -139.61 0
0.85 animmotion 0.0 -138.51 0
0.8666666666666667 animmotion 0.0 -137.06 0
0.8833333333333333 animmotion 0.0 -135.19 0
0.9 animmotion 0.0 -132.85 0
0.9166666666666666 animmotion 0.0 -129.59 0
0.9333333333333333 animmotion 0.0 -125.09 0
0.95 animmotion 0.0 -119.55 0
0.9666666666666667 animmotion 0.0 -113.16 0
0.9833333333333333 animmotion 0.0 -106.1 0
1.0 animmotion 0.0 -98.57 0
1.0166666666666666 animmotion 0.0 -90.72 0
1.0333333333333334 animmotion 0.0 -82.59 0
1.05 animmotion 0.0 -74.19 0
1.0666666666666667 animmotion 0.0 -65.53 0
1.0833333333333333 animmotion 0.0 -56.61 0
1.1 animmotion 0.0 -47.45 0
1.1166666666666667 animmotion 0.0 -38.04 0
1.1333333333333333 animmotion 0.0 -28.4 0
1.15 animmotion 0.0 -18.53 0
1.1666666666666667 animmotion 0.0 -8.45 0
1.1833333333333333 animmotion 0.0 1.85 0
1.2 animmotion 0.0 12.34 0
1.2166666666666666 animmotion 0.0 23.04 0
1.2333333333333334 animmotion 0.0 33.92 0
1.25 animmotion 0.0 44.98 0
1.2666666666666666 animmotion 0.0 56.22 0
1.2833333333333334 animmotion 0.0 67.62 0
1.3 animmotion 0.0 79.18 0
1.3166666666666667 animmotion 0.0 90.88 0
1.3333333333333333 animmotion 0.0 102.74 0
1.35 animmotion 0.0 114.72 0
1.3666666666666667 animmotion 0.0 126.84 0
1.3833333333333333 animmotion 0.0 139.07 0
1.4 animmotion 0.0 151.42 0
1.4166666666666667 animmotion 0.0 163.87 0
1.4333333333333333 animmotion 0.0 176.42 0
1.45 animmotion 0.0 189.06 0
1.4666666666666666 animmotion 0.0 201.78 0
1.4833333333333334 animmotion 0.0 214.58 0
1.5 animmotion 0.0 227.44 0
1.5166666666666666 animmotion 0.0 240.36 0
1.5333333333333334 animmotion 0.0 253.34 0
1.55 animmotion 0.0 266.36 0
1.5666666666666667 animmotion 0.0 279.42 0
1.5833333333333333 animmotion 0.0 292.5 0
1.6 animmotion 0.0 305.61 0
1.6166666666666667 animmotion 0.0 318.7 0
1.6333333333333333 animmotion 0.0 331.63 0
1.65 animmotion 0.0 344.2 0
1.6666666666666667 animmotion 0.0 356.23 0
1.6833333333333333 animmotion 0.0 367.54 0
1.7 animmotion 0.0 377.94 0
1.7166666666666666 animmotion 0.0 387.24 0
1.7333333333333334 animmotion 0.0 395.27 0
1.75 animmotion 0.0 401.84 0
1.7666666666666666 animmotion 0.0 406.77 0
1.7833333333333334 animmotion 0.0 410.34 0
1.8 animmotion 0.0 413.05 0
1.8166666666666667 animmotion 0.0 415.04 0
1.8333333333333333 animmotion 0.0 416.45 0
1.85 animmotion 0.0 417.41 0
1.8666666666666667 animmotion 0.0 418.05 0
1.8833333333333333 animmotion 0.0 418.53 0
1.9 animmotion 0.0 418.96 0
1.9166666666666667 animmotion 0.0 419.48 0
1.9333333333333333 animmotion 0.0 420.24 0
1.95 animmotion 0.0 421.29 0
1.9666666666666666 animmotion 0.0 422.47 0
1.9833333333333334 animmotion 0.0 423.72 0
2.0 animmotion 0.0 425.06 0
2.0166666666666666 animmotion 0.0 426.49 0
2.033333333333333 animmotion 0.0 428.0 0
2.05 animmotion 0.0 429.6 0
2.066666666666667 animmotion 0.0 431.27 0
2.0833333333333335 animmotion 0.0 432.96 0
2.1 animmotion 0.0 434.66 0
2.1166666666666667 animmotion 0.0 436.32 0
2.1333333333333333 animmotion 0.0 437.92 0
2.15 animmotion 0.0 439.46 0
2.1666666666666665 animmotion 0.0 441.0 0
2.183333333333333 animmotion 0.0 442.64 0
2.2 animmotion 0.0 444.39 0
2.216666666666667 animmotion 0.0 446.24 0
2.2333333333333334 animmotion 0.0 448.19 0
2.25 animmotion 0.0 450.21 0
2.2666666666666666 animmotion 0.0 452.3 0
2.283333333333333 animmotion 0.0 454.45 0
2.3 animmotion 0.0 456.64 0
2.316666666666667 animmotion 0.0 458.87 0
2.3333333333333335 animmotion 0.0 461.11 0
2.35 animmotion 0.0 463.32 0
2.3666666666666667 animmotion 0.0 465.47 0
2.3833333333333333 animmotion 0.0 467.52 0
2.4 animmotion 0.0 469.42 0
2.4166666666666665 animmotion 0.0 471.17 0
2.433333333333333 animmotion 0.0 472.76 0
2.45 animmotion 0.0 474.18 0
2.466666666666667 animmotion 0.0 475.43 0
2.4833333333333334 animmotion 0.0 476.51 0
2.5 animmotion 0.0 477.4 0
2.5166666666666666 animmotion 0.0 478.11 0
2.533333333333333 animmotion 0.0 478.62 0
2.55 animmotion 0.0 478.93 0
2.566666666666667 animmotion 0.0 479.03 0
