0.06 PIE.@SGVF|MCO_AttackSpeed|1.0
0.06 PIE.@SGVI|MCO_NextAttack|2
0.06 PIE.@SGVI|MCO_NextPowerAttack|2
0.06666666666666667 CastOKStart
0.1 preHitFrame
0.3 FootScuffLeft
0.4166666666666667 weaponSwing
0.48333333333333334 HitFrame
0.7 MCO_WinOpen
0.7 MCO_PowerWinOpen
1.0333333333333334 MCO_WinClose
1.0333333333333334 MCO_PowerWinClose
1.0333333333333334 MCO_Recovery
1.1666666666666667 FootScuffRight
1.4 FootScuffLeft
1.6166666666666667 AttackStop
0.0 animmotion 0.0 0.0 0
0.016666666666666666 animmotion 0.0 0.03 0
0.03333333333333333 animmotion 0.0 0.11 0
0.05 animmotion 0.0 0.25 0
0.06666666666666667 animmotion 0.0 0.47 0
0.08333333333333333 animmotion 0.0 0.77 0
0.1 animmotion 0.0 1.14 0
0.11666666666666667 animmotion 0.0 1.59 0
0.13333333333333333 animmotion 0.0 2.1 0
0.15 animmotion 0.0 2.66 0
0.16666666666666666 animmotion 0.0 3.26 0
0.18333333333333332 animmotion 0.0 3.88 0
0.2 animmotion 0.0 4.51 0
0.21666666666666667 animmotion 0.0 5.15 0
0.23333333333333334 animmotion 0.0 5.77 0
0.25 animmotion 0.0 6.38 0
0.26666666666666666 animmotion 0.0 6.95 0
0.2833333333333333 animmotion 0.0 7.47 0
0.3 animmotion 0.0 7.93 0
0.31666666666666665 animmotion 0.0 8.33 0
0.3333333333333333 animmotion 0.0 8.83 0
0.35 animmotion 0.0 10.1 0
0.36666666666666664 animmotion 0.0 11.94 0
0.38333333333333336 animmotion 0.0 13.84 0
0.4 animmotion 0.0 15.33 0
0.4166666666666667 animmotion 1.23 16.72 0
0.43333333333333335 animmotion 2.36 20.4 0
0.45 animmotion 3.65 25.17 0
0.4666666666666667 animmotion 5.58 30.01 0
0.48333333333333334 animmotion 6.23 34.88 0
0.5 animmotion 6.79 38.03 0
0.5166666666666667 animmotion 6.67 40.66 0
0.5333333333333333 animmotion 6.46 42.16 0
0.55 animmotion 6.31 43.08 0
0.5666666666666667 animmotion 6.22 43.6 0
0.5833333333333334 animmotion 6.19 43.77 0
0.6 animmotion 6.18 43.8 0
