0.06 PIE.@SGVF|MCO_AttackSpeed|1.0
0.06 PIE.@SGVI|MCO_NextAttack|6
0.06 PIE.@SGVI|MCO_NextPowerAttack|6
0.5 FootScuffRight
0.54 PIE.$HitLeft
0.55 weaponSwing
0.6166666666666667 HitFrame
0.9 MCO_WinOpen
0.9 MCO_PowerWinOpen
1.2333333333333334 MCO_WinClose
1.2333333333333334 MCO_PowerWinClose
1.2333333333333334 MCO_Recovery
1.4333333333333333 FootScuffLeft
1.6333333333333333 FootScuffRight
1.85 AttackStop
0.0 animmotion 0.0 0.0 0
0.3 animmotion 0.0 0.0 0
0.31666666666666665 animmotion 0.0 0.2 0
0.3333333333333333 animmotion 0.0 0.78 0
0.35 animmotion 0.0 1.75 0
0.36666666666666664 animmotion 0.0 3.1 0
0.38333333333333336 animmotion 0.0 4.84 0
0.4 animmotion 0.0 6.94 0
0.4166666666666667 animmotion 0.0 9.42 0
0.43333333333333335 animmotion 0.0 12.26 0
0.45 animmotion 0.0 15.46 0
0.4666666666666667 animmotion 0.0 19.0 0
0.48333333333333334 animmotion 0.0 22.72 0
0.5 animmotion 0.0 26.66 0
0.5166666666666667 animmotion 0.0 32.16 0
0.5333333333333333 animmotion 0.0 41.35 0
0.55 animmotion 0.0 51.18 0
0.5666666666666667 animmotion 0.0 58.48 0
0.5833333333333334 animmotion 0.0 64.72 0
0.6 animmotion 0.0 70.4 0
0.6166666666666667 animmotion 0.0 75.49 0
0.6333333333333333 animmotion 0.0 79.95 0
0.65 animmotion 0.0 83.75 0
0.6666666666666666 animmotion 0.0 86.83 0
0.6833333333333333 animmotion 0.0 89.17 0
0.7 animmotion 0.0 90.72 0
0.7166666666666667 animmotion 0.0 91.63 0
0.7333333333333333 animmotion 0.0 92.6 0
0.75 animmotion 0.0 93.62 0
0.7666666666666667 animmotion 0.0 94.55 0
0.7833333333333333 animmotion 0.0 95.32 0
0.8 animmotion 0.0 95.9 0
0.8166666666666667 animmotion 0.0 96.27 0
1.1666666666666667 animmotion 0.0 96.4 0
1.1833333333333333 animmotion 0.0 96.44 0
1.2 animmotion 0.0 96.54 0
1.2166666666666666 animmotion 0.0 96.71 0
1.2333333333333334 animmotion 0.0 96.96 0
1.25 animmotion 0.0 97.28 0
1.2666666666666666 animmotion 0.0 97.69 0
1.2833333333333334 animmotion 0.0 98.18 0
1.3 animmotion 0.0 98.75 0
1.3166666666666667 animmotion 0.0 99.41 0
1.3333333333333333 animmotion 0.0 100.17 0
1.35 animmotion 0.0 101.01 0
1.3666666666666667 animmotion 0.0 101.94 0
1.3833333333333333 animmotion 0.0 102.96 0
1.4 animmotion 0.0 104.06 0
1.4166666666666667 animmotion 0.0 105.24 0
1.4333333333333333 animmotion 0.0 106.5 0
1.45 animmotion 0.0 107.83 0
1.4666666666666666 animmotion 0.0 109.22 0
1.4833333333333334 animmotion 0.0 110.66 0
1.5 animmotion 0.0 112.16 0
1.5166666666666666 animmotion 0.0 113.69 0
1.5333333333333334 animmotion 0.0 115.26 0
1.55 animmotion 0.0 116.87 0
1.5666666666666667 animmotion 0.0 118.49 0
1.5833333333333333 animmotion 0.0 120.16 0
1.6 animmotion 0.0 121.79 0
1.6166666666666667 animmotion 0.0 123.36 0
1.6333333333333333 animmotion 0.0 125.02 0
