# numOriginalFrames: 42
# duration: 1.400000
# numAnnotationTracks: 99
# numAnnotations: 18
0.060000 PIE.@SGVF|MCO_AttackSpeed|1
0.060000 PIE.@SGVI|MCO_nextattack|2
0.060000 PIE.@SGVI|MCO_nextpowerattack|2
0.016667 preHitFrame
0.450000 WeaponSwing
0.521666 HitFrame
0.800000 MCO_WinOpen
1.133333 MCO_WinClose
0.800000 MCO_PowerWinOpen
1.133333 MCO_PowerWinClose
1.133333 MCO_Recovery
0.416666 FootScuffLeft
0.866666 FootScuffRight
1.366666 FootScuffLeft
1.700000 attackStop
0.0 animmotion 0.0 0.0 0
0.016666666666666666 animmotion 0.0 0.02 0
0.03333333333333333 animmotion 0.0 0.06 0
0.05 animmotion 0.0 0.14 0
0.06666666666666667 animmotion 0.0 0.25 0
0.08333333333333333 animmotion 0.0 0.38 0
0.1 animmotion 0.0 0.53 0
0.11666666666666667 animmotion 0.0 0.71 0
0.13333333333333333 animmotion 0.0 0.91 0
0.15 animmotion 0.0 1.12 0
0.16666666666666666 animmotion 0.0 1.35 0
0.18333333333333332 animmotion 0.0 1.59 0
0.2 animmotion 0.0 1.84 0
0.21666666666666667 animmotion 0.0 2.1 0
0.23333333333333334 animmotion 0.0 2.37 0
0.25 animmotion 0.0 2.64 0
0.26666666666666666 animmotion 0.0 2.92 0
0.2833333333333333 animmotion 0.0 3.19 0
0.3 animmotion 0.0 3.47 0
0.31666666666666665 animmotion 0.0 3.74 0
0.3333333333333333 animmotion 0.0 4.01 0
0.35 animmotion 0.0 4.4 0
0.36666666666666664 animmotion 0.0 5.4 0
0.38333333333333336 animmotion 0.0 7.0 0
0.4 animmotion 0.0 9.01 0
0.4166666666666667 animmotion 0.0 11.25 0
0.43333333333333335 animmotion 0.0 13.54 0
0.45 animmotion 0.0 15.83 0
0.4666666666666667 animmotion 0.0 18.78 0
0.48333333333333334 animmotion 0.0 24.11 0
0.5 animmotion 0.0 32.09 0
0.5166666666666667 animmotion 0.0 37.64 0
0.5333333333333333 animmotion 0.0 40.15 0
0.55 animmotion 0.0 41.88 0
0.5666666666666667 animmotion 0.0 43.17 0
0.5833333333333334 animmotion 0.0 44.09 0
0.6 animmotion 0.0 44.8 0
0.6166666666666667 animmotion 0.0 45.46 0
0.6333333333333333 animmotion 0.0 46.17 0
0.65 animmotion 0.0 46.97 0
0.6666666666666666 animmotion 0.0 47.82 0
0.6833333333333333 animmotion 0.0 48.71 0
0.7 animmotion 0.0 49.63 0
0.7166666666666667 animmotion 0.0 50.59 0
0.7333333333333333 animmotion 0.0 51.57 0
0.75 animmotion 0.0 52.57 0
0.7666666666666667 animmotion 0.0 53.58 0
0.7833333333333333 animmotion 0.0 54.61 0
0.8 animmotion 0.0 55.64 0
0.8166666666666667 animmotion 0.0 56.68 0
0.8333333333333334 animmotion 0.0 57.71 0
0.85 animmotion 0.0 58.74 0
0.8666666666666667 animmotion 0.0 59.76 0
0.8833333333333333 animmotion 0.0 60.76 0
0.9 animmotion 0.0 61.74 0
0.9166666666666666 animmotion 0.0 62.7 0
0.9333333333333333 animmotion 0.0 63.62 0
0.95 animmotion 0.0 64.52 0
0.9666666666666667 animmotion 0.0 65.37 0
0.9833333333333333 animmotion 0.0 66.18 0
1.0 animmotion 0.0 66.95 0
1.0166666666666666 animmotion 0.0 67.66 0
1.0333333333333334 animmotion 0.0 68.32 0
1.05 animmotion 0.0 68.92 0
1.0666666666666667 animmotion 0.0 69.45 0
1.0833333333333333 animmotion 0.0 69.91 0
1.1 animmotion 0.0 70.3 0
1.1166666666666667 animmotion 0.0 70.61 0
1.1333333333333333 animmotion 0.0 70.84 0
1.15 animmotion 0.0 70.98 0
1.1666666666666667 animmotion 0.0 71.03 0
