# numOriginalFrames: 62
# duration: 2.033333
# numAnnotationTracks: 99
# numAnnotations: 80
0.060000 PIE.@SGVF|MCO_AttackSpeed|1
0.060000 PIE.@SGVI|MCO_nextattack|6
0.060000 PIE.@SGVI|MCO_nextpowerattack|7
0.016667 preHitFrame
0.766666 WeaponSwing
0.800000 PIE.$HitLeft
0.825000 HitFrame
0.916666 PIE.@CAMSHAKE|1|0.2
1.133333 MCO_WinOpen
1.466666 MCO_WinClose
1.133333 MCO_PowerWinOpen
1.466666 MCO_PowerWinClose
1.466666 MCO_Recovery
0.766666 FootScuffRight
1.833333 FootScuffLeft
0.0 animmotion 0.0 0.0 0
0.5333333333333333 animmotion 0.0 0.0 0
0.55 animmotion 0.0 0.83 0
0.5666666666666667 animmotion 0.0 2.71 0
0.5833333333333334 animmotion 0.0 5.65 0
0.6 animmotion 0.0 9.56 0
0.6166666666666667 animmotion 0.0 14.23 0
0.6333333333333333 animmotion 0.0 19.46 0
0.65 animmotion 0.0 25.06 0
0.6666666666666666 animmotion 0.0 30.79 0
0.6833333333333333 animmotion 0.0 36.42 0
0.7 animmotion 0.0 41.71 0
0.7166666666666667 animmotion 0.0 46.47 0
0.7333333333333333 animmotion 0.0 50.64 0
0.75 animmotion 0.0 54.21 0
0.7666666666666667 animmotion 0.0 57.16 0
0.7833333333333333 animmotion 0.0 59.48 0
0.8 animmotion 0.0 61.16 0
0.8166666666666667 animmotion 0.0 62.18 0
1.2 animmotion 0.0 62.52 0
1.2166666666666666 animmotion 0.0 62.59 0
1.2333333333333334 animmotion 0.0 62.81 0
1.25 animmotion 0.0 63.16 0
1.2666666666666666 animmotion 0.0 63.64 0
1.2833333333333334 animmotion 0.0 64.25 0
1.3 animmotion 0.0 64.98 0
1.3166666666666667 animmotion 0.0 65.83 0
1.3333333333333333 animmotion 0.0 66.79 0
1.35 animmotion 0.0 67.85 0
1.3666666666666667 animmotion 0.0 69.02 0
1.3833333333333333 animmotion 0.0 70.29 0
1.4 animmotion 0.0 71.65 0
1.4166666666666667 animmotion 0.0 73.1 0
1.4333333333333333 animmotion 0.0 74.63 0
1.45 animmotion 0.0 76.24 0
1.4666666666666666 animmotion 0.0 77.92 0
1.4833333333333334 animmotion 0.0 79.67 0
1.5 animmotion 0.0 81.47 0
1.5166666666666666 animmotion 0.0 83.33 0
1.5333333333333334 animmotion 0.0 85.22 0
1.55 animmotion 0.0 87.14 0
1.5666666666666667 animmotion 0.0 89.07 0
1.5833333333333333 animmotion 0.0 91.01 0
1.6 animmotion 0.0 92.95 0
1.6166666666666667 animmotion 0.0 94.87 0
1.6333333333333333 animmotion 0.0 96.77 0
1.65 animmotion 0.0 98.63 0
1.6666666666666667 animmotion 0.0 100.45 0
1.6833333333333333 animmotion 0.0 102.21 0
1.7 animmotion 0.0 103.91 0
1.7166666666666666 animmotion 0.0 105.53 0
1.7333333333333334 animmotion 0.0 107.06 0
1.75 animmotion 0.0 108.5 0
1.7666666666666666 animmotion 0.0 109.82 0
1.7833333333333334 animmotion 0.0 111.04 0
1.8 animmotion 0.0 112.12 0
1.8166666666666667 animmotion 0.0 113.06 0
1.8333333333333333 animmotion 0.0 113.86 0
1.85 animmotion 0.0 114.5 0
1.8666666666666667 animmotion 0.0 114.96 0
1.8833333333333333 animmotion 0.0 115.25 0
1.9 animmotion 0.0 115.35 0