0.06 PIE.@SGVF|MCO_AttackSpeed|1.0
0.06 PIE.@SGVI|MCO_NextAttack|4
0.06 PIE.@SGVI|MCO_NextPowerAttack|4
0.0 FH_Dodge
0.06666666666666667 preHitFrame
0.21 PIE.$Layer_2
0.23333333333333334 MCO_WinOpen
0.23333333333333334 MCO_PowerWinOpen
0.3 FootScuffRight
0.5 FakeHit
0.5666666666666667 FootScuffLeft
0.6 PIE.$Layer_2
0.8333333333333334 MCO_WinClose
0.8333333333333334 MCO_PowerWinClose
0.8333333333333334 MCO_Recovery
0.8666666666666667 FootScuffRight
0.0 animmotion 0.0 0.0 0
0.016666666666666666 animmotion -0.89 0.0 0
0.03333333333333333 animmotion -3.37 0.0 0
0.05 animmotion -7.18 0.0 0
0.06666666666666667 animmotion -12.04 0.0 0
0.08333333333333333 animmotion -17.67 0.0 0
0.1 animmotion -23.81 0.0 0
0.11666666666666667 animmotion -30.18 0.0 0
0.13333333333333333 animmotion -36.5 0.0 0
0.15 animmotion -42.56 0.0 0
0.16666666666666666 animmotion -48.32 0.0 0
0.18333333333333332 animmotion -53.82 0.0 0
0.2 animmotion -59.07 0.0 0
0.21666666666666667 animmotion -64.09 0.0 0
0.23333333333333334 animmotion -68.93 0.0 0
0.25 animmotion -73.59 0.0 0
0.26666666666666666 animmotion -78.1 0.0 0
0.2833333333333333 animmotion -82.48 0.0 0
0.3 animmotion -86.76 0.0 0
0.31666666666666665 animmotion -90.97 0.0 0
0.3333333333333333 animmotion -95.12 0.0 0
0.35 animmotion -99.25 0.0 0
0.36666666666666664 animmotion -103.37 0.0 0
0.38333333333333336 animmotion -107.5 0.0 0
0.4 animmotion -111.68 0.0 0
0.4166666666666667 animmotion -115.93 0.0 0
0.43333333333333335 animmotion -120.26 0.0 0
0.45 animmotion -124.7 0.0 0
0.4666666666666667 animmotion -129.23 0.0 0
0.48333333333333334 animmotion -133.8 0.0 0
0.5 animmotion -138.4 0.0 0
0.5166666666666667 animmotion -142.98 0.0 0
0.5333333333333333 animmotion -147.53 0.0 0
0.55 animmotion -151.99 0.0 0
0.5666666666666667 animmotion -156.36 0.0 0
0.5833333333333334 animmotion -160.58 0.0 0
0.6 animmotion -164.64 0.0 0
0.6166666666666667 animmotion -168.5 0.0 0
0.6333333333333333 animmotion -172.13 0.0 0
0.65 animmotion -175.5 0.0 0
0.6666666666666666 animmotion -178.61 0.0 0
0.6833333333333333 animmotion -181.49 0.0 0
0.7 animmotion -184.12 0.0 0
0.7166666666666667 animmotion -186.51 0.0 0
0.7333333333333333 animmotion -188.69 0.0 0
0.75 animmotion -190.65 0.0 0
0.7666666666666667 animmotion -192.39 0.0 0
0.7833333333333333 animmotion -193.94 0.0 0
0.8 animmotion -195.29 0.0 0
0.8166666666666667 animmotion -196.45 0.0 0
0.8333333333333334 animmotion -197.44 0.0 0
0.85 animmotion -198.25 0.0 0
0.8666666666666667 animmotion -198.9 0.0 0
0.8833333333333333 animmotion -199.39 0.0 0
0.9 animmotion -199.73 0.0 0
0.9166666666666666 animmotion -199.93 0.0 0
0.9333333333333333 animmotion -199.99 0.0 0
