0.0 PIE.@SGVF|MCO_AttackSpeed|1.0
0.0 PIE.@SGVI|MCO_NextAttack|2
0.0 PIE.@SGVI|MCO_NextPowerAttack|7
0.0 SoundPlay.FHPSound
0.0 FH_Dodge1
0.06666666666666667 CastOKStart
0.1 preHitFrame
0.25 FootScuffRight
0.4666666666666667 FootScuffLeft
0.75 FootScuffRight
0.9333333333333333 PIE.$FMelee_Dust
1.0 Collision_AttackStart
1.0333333333333334 Collision_Add.Node(NPC L Thigh [LThg])|ID(1)|Scale(1.0)|NoTrail
1.0333333333333334 Collision_Add.Node(NPC L Calf [LClf])|ID(1)|Scale(1.0)|NoTrail
1.0333333333333334 Collision_Add.Node(NPC L Foot [Lft ])|ID(1)|Scale(3.0)|RadiusMult(2)|NoTrail
1.0333333333333334 PIE.@CAMSHAKE|0.5|0.5
1.0333333333333334 HitFrame
1.0666666666666667 Collision_AttackEnd
1.2666666666666666 FootScuffLeft
1.3333333333333333 MCO_WinOpen
1.3333333333333333 MCO_PowerWinOpen
1.6333333333333333 FootScuffRight
1.6666666666666667 MCO_WinClose
1.6666666666666667 MCO_PowerWinClose
1.6666666666666667 MCO_Recovery
1.816667 AttackStop
0.0 animmotion 0.0 0.0 0
0.016666666666666666 animmotion 0.0 -2.77 0
0.03333333333333333 animmotion 0.0 -9.78 0
0.05 animmotion 0.0 -19.09 0
0.06666666666666667 animmotion 0.0 -28.74 0
0.08333333333333333 animmotion 0.0 -36.8 0
0.1 animmotion 0.0 -41.31 0
0.11666666666666667 animmotion 0.0 -42.01 0
0.13333333333333333 animmotion 0.0 -43.04 0
0.15 animmotion 0.0 -45.19 0
0.16666666666666666 animmotion 0.0 -48.13 0
0.18333333333333332 animmotion 0.0 -51.56 0
0.2 animmotion 0.0 -55.15 0
0.21666666666666667 animmotion 0.0 -58.57 0
0.23333333333333334 animmotion 0.0 -61.57 0
0.25 animmotion 0.0 -64.18 0
0.26666666666666666 animmotion 0.0 -66.49 0
0.2833333333333333 animmotion 0.0 -68.57 0
0.3 animmotion 0.0 -70.53 0
0.31666666666666665 animmotion 0.0 -72.42 0
0.3333333333333333 animmotion 0.0 -74.22 0
0.35 animmotion 0.0 -75.88 0
0.36666666666666664 animmotion 0.0 -77.35 0
0.38333333333333336 animmotion 0.0 -78.58 0
0.4 animmotion 0.0 -79.52 0
0.4166666666666667 animmotion 0.0 -80.12 0
0.43333333333333335 animmotion 0.0 -80.33 0
0.45 animmotion 0.0 -80.31 0
0.4666666666666667 animmotion 0.0 -80.23 0
0.48333333333333334 animmotion 0.0 -80.11 0
0.5 animmotion 0.0 -79.95 0
0.5166666666666667 animmotion 0.0 -79.76 0
0.5333333333333333 animmotion 0.0 -79.55 0
0.55 animmotion 0.0 -79.32 0
0.5666666666666667 animmotion 0.0 -79.08 0
0.5833333333333334 animmotion 0.0 -78.83 0
0.6 animmotion 0.0 -78.59 0
0.6166666666666667 animmotion 0.0 -78.35 0
0.6333333333333333 animmotion 0.0 -78.12 0
0.65 animmotion 0.0 -77.88 0
0.6666666666666666 animmotion 0.0 -77.41 0
0.6833333333333333 animmotion 0.0 -75.78 0
0.7 animmotion 0.0 -70.61 0
0.7166666666666667 animmotion 0.0 -64.31 0
0.7333333333333333 animmotion 0.0 -59.83 0
0.75 animmotion 0.0 -56.87 0
0.7666666666666667 animmotion 0.0 -54.26 0
0.7833333333333333 animmotion 0.0 -52.07 0
0.8 animmotion 0.0 -50.59 0
0.8166666666666667 animmotion 0.0 -49.94 0
0.8333333333333334 animmotion 0.0 -49.7 0
0.85 animmotion 0.0 -48.19 0
0.8666666666666667 animmotion 0.0 -45.46 0
0.8833333333333333 animmotion 0.0 -42.08 0
0.9 animmotion 0.0 -38.56 0
0.9166666666666666 animmotion 0.0 -35.07 0
0.9333333333333333 animmotion 0.0 -31.68 0
0.95 animmotion 0.0 -28.46 0
0.9666666666666667 animmotion 0.0 -25.42 0
0.9833333333333333 animmotion 0.0 -22.56 0
1.0 animmotion 0.0 -19.88 0
1.0166666666666666 animmotion 0.0 -17.37 0
1.0333333333333334 animmotion 0.0 -15.05 0
1.05 animmotion 0.0 -12.9 0
1.0666666666666667 animmotion 0.0 -10.9 0
1.0833333333333333 animmotion 0.0 -9.04 0
1.1 animmotion 0.0 -7.28 0
1.1166666666666667 animmotion 0.0 -5.6 0
1.1333333333333333 animmotion 0.0 -3.99 0
1.15 animmotion 0.0 -2.41 0
1.1666666666666667 animmotion 0.0 -0.83 0
1.1833333333333333 animmotion 0.0 0.75 0
1.2 animmotion 0.0 2.35 0
1.2166666666666666 animmotion 0.0 3.98 0
1.2333333333333334 animmotion 0.0 5.66 0
1.25 animmotion 0.0 7.4 0
1.2666666666666666 animmotion 0.0 9.22 0
1.2833333333333334 animmotion 0.0 11.15 0
1.3 animmotion 0.0 13.37 0
1.3166666666666667 animmotion 0.0 15.85 0
1.3333333333333333 animmotion 0.0 18.5 0
1.35 animmotion 0.0 21.24 0
1.3666666666666667 animmotion 0.0 23.99 0
1.3833333333333333 animmotion 0.0 26.68 0
1.4 animmotion 0.0 29.21 0
1.4166666666666667 animmotion 0.0 31.51 0
1.4333333333333333 animmotion 0.0 33.5 0
1.45 animmotion 0.0 35.09 0
1.4666666666666666 animmotion 0.0 36.22 0
1.4833333333333334 animmotion 0.0 36.89 0
1.5 animmotion 0.0 37.11 0
