0.0 PIE.@SGVF|MCO_AttackSpeed|1.0
0.0 PIE.@SGVI|MCO_NextAttack|4
0.0 PIE.@SGVI|MCO_NextPowerAttack|5
0.1 CastOKStart
0.2 preHitFrame
0.16666666666666666 FootScuffRight
0.36666666666666664 Collision_AttackStart
0.4166666666666667 FootScuffLeft
0.43333333333333335 SoundPlay.WPNSwing2Hand
0.5166666666666667 Collision_Add.Node(SHIELD)|Scale(2.0)|NoTrail
0.45 ParryStart2
0.5166666666666667 PIE.$HitLeft_Trigger
0.5166666666666667 PIE.$Shield_Hit
0.5166666666666667 FakeHit 
0.5666666666666667 ParryStop
0.7666666666666667 MCO_WinOpen
0.7666666666666667 MCO_PowerWinOpen
0.7333333333333334 Collision_AttackEnd
1.0 FootScuffRight
1.1333333333333333 MCO_WinClose
1.1333333333333333 MCO_PowerWinClose
1.1333333333333333 MCO_Recovery
1.4166666666666667 FootScuffLeft
1.65 AttackStop
0.0 animmotion 0.0 0.0 0
0.016666666666666666 animmotion 0.0 0.09 0
0.03333333333333333 animmotion 0.0 0.34 0
0.05 animmotion 0.0 0.72 0
0.06666666666666667 animmotion 0.0 1.21 0
0.08333333333333333 animmotion 0.0 1.78 0
0.1 animmotion 0.0 2.4 0
0.11666666666666667 animmotion 0.0 3.05 0
0.13333333333333333 animmotion 0.0 3.71 0
0.15 animmotion 0.0 4.33 0
0.16666666666666666 animmotion 0.0 4.91 0
0.18333333333333332 animmotion 0.0 5.4 0
0.2 animmotion 0.0 5.79 0
0.21666666666666667 animmotion 0.0 6.06 0
0.23333333333333334 animmotion 0.0 6.24 0
0.25 animmotion 0.0 6.36 0
0.26666666666666666 animmotion 0.0 6.47 0
0.2833333333333333 animmotion 0.0 6.59 0
0.3 animmotion 0.0 6.78 0
0.31666666666666665 animmotion 0.0 7.07 0
0.3333333333333333 animmotion 0.0 7.49 0
0.35 animmotion 0.0 8.09 0
0.36666666666666664 animmotion 0.0 8.9 0
0.38333333333333336 animmotion 0.0 10.82 0
0.4 animmotion 0.0 14.31 0
0.4166666666666667 animmotion 0.0 18.75 0
0.43333333333333335 animmotion 0.0 23.52 0
0.45 animmotion 0.0 28.11 0
0.4666666666666667 animmotion 0.0 32.46 0
0.48333333333333334 animmotion 0.0 36.6 0
0.5 animmotion 0.0 40.57 0
0.5166666666666667 animmotion 0.0 44.4 0
0.5333333333333333 animmotion 0.0 48.14 0
0.55 animmotion 0.0 51.81 0
0.5666666666666667 animmotion 0.0 55.45 0
0.5833333333333334 animmotion 0.0 59.09 0
0.6 animmotion 0.0 62.61 0
0.6166666666666667 animmotion 0.0 65.92 0
0.6333333333333333 animmotion 0.0 68.88 0
0.65 animmotion 0.0 71.39 0
0.6666666666666666 animmotion 0.0 73.33 0
0.6833333333333333 animmotion 0.0 74.58 0
0.7 animmotion 0.0 75.02 0
