0.0 SoundPlay.WPNSwingFx
0.06 PIE.@SGVF|MCO_AttackSpeed|1.0
0.06 PIE.@SGVI|MCO_NextAttack|5
0.06 PIE.@SGVI|MCO_NextPowerAttack|5
0.0 PIE.$FHFX_Body
0.0 SoundPlay.FHPSound
0.0 ParryStart2
0.8 KnockedDown
0.06666666666666667 CastOKStart
0.1 preHitFrame
0.1 Collision_AttackStart
0.13333333333333333 PIE.$Fist_Hit
0.13333333333333333 PIE.$HitPushX3_Trigger
0.13333333333333333 Collision_Add.Node(NPC L UpperArm [LUar])|ID(1)|DamageMult(1.0)|NoTrail
0.13333333333333333 Collision_Add.Node(NPC L Forearm [LLar])|ID(1)|DamageMult(1.0)|NoTrail
0.16666666666666666 HitFrame
0.2 FootScuffRight
0.2 Collision_Remove.Node(NPC L UpperArm [LUar])
0.2 Collision_Remove.Node(NPC L Forearm [LLar])
0.4666666666666667 FootScuffLeft
0.7 ParryStop
0.9 SoundPlay.WPNSwingFx
1.0 Collision_Add.Node(NPC L Calf [LClf])|ID(2)|Scale(3.0)|RadiusMult(3.0)|NoTrail
1.0 HitFrame
1.0 PIE.$FootStamp_Trigger
1.0666666666666667 Collision_Remove.Node(NPC L UpperArm [LUar])
1.0666666666666667 Collision_Remove.Node(NPC L Forearm [LLar])
1.0833333333333333 Collision_AttackEnd
1.1333333333333333 FootScuffLeft
1.1666666666666667 MCO_WinOpen
1.1666666666666667 MCO_PowerWinOpen
1.5 MCO_WinClose
1.5 MCO_PowerWinClose
1.5 MCO_Recovery
0.0 animmotion 0.0 0.0 0
0.016666666666666666 animmotion 0.0 1.72 0
0.03333333333333333 animmotion 0.0 6.57 0
0.05 animmotion 0.0 14.14 0
0.06666666666666667 animmotion 0.0 23.98 0
0.08333333333333333 animmotion 0.0 35.66 0
0.1 animmotion 0.0 48.76 0
0.11666666666666667 animmotion 0.0 62.83 0
0.13333333333333333 animmotion 0.0 77.44 0
0.15 animmotion 0.0 92.17 0
0.16666666666666666 animmotion 0.0 106.65 0
0.18333333333333332 animmotion 0.0 120.85 0
0.2 animmotion 0.0 134.82 0
0.21666666666666667 animmotion 0.0 148.58 0
0.23333333333333334 animmotion 0.0 162.19 0
0.25 animmotion 0.0 175.69 0
0.26666666666666666 animmotion 0.0 189.11 0
0.2833333333333333 animmotion 0.0 202.5 0
0.3 animmotion 0.0 215.9 0
0.31666666666666665 animmotion 0.0 229.36 0
0.3333333333333333 animmotion 0.0 242.9 0
0.35 animmotion 0.0 256.59 0
0.36666666666666664 animmotion 0.0 270.44 0
0.38333333333333336 animmotion 0.0 284.52 0
0.4 animmotion 0.0 298.85 0
0.4166666666666667 animmotion 0.0 313.47 0
0.43333333333333335 animmotion 0.0 328.37 0
0.45 animmotion 0.0 343.51 0
0.4666666666666667 animmotion 0.0 358.86 0
0.48333333333333334 animmotion 0.0 374.4 0
0.5 animmotion 0.0 390.1 0
0.5166666666666667 animmotion 0.0 405.93 0
0.5333333333333333 animmotion 0.0 421.86 0
0.55 animmotion 0.0 437.86 0
0.5666666666666667 animmotion 0.0 453.91 0
0.5833333333333334 animmotion 0.0 469.97 0
0.6 animmotion 0.0 486.03 0
0.6166666666666667 animmotion 0.0 502.03 0
0.6333333333333333 animmotion 0.0 517.97 0
0.65 animmotion 0.0 533.82 0
0.6666666666666666 animmotion 0.0 549.53 0
0.6833333333333333 animmotion 0.0 565.09 0
0.7 animmotion 0.0 580.47 0
0.7166666666666667 animmotion 0.0 595.63 0
0.7333333333333333 animmotion 0.0 610.55 0
0.75 animmotion 0.0 625.21 0
0.7666666666666667 animmotion 0.0 639.57 0
0.7833333333333333 animmotion 0.0 653.6 0
0.8 animmotion 0.0 667.27 0
0.8166666666666667 animmotion 0.0 680.57 0
0.8333333333333334 animmotion 0.0 693.45 0
0.85 animmotion 0.0 705.89 0
0.8666666666666667 animmotion 0.0 717.86 0
0.8833333333333333 animmotion 0.0 729.34 0
0.9 animmotion 0.0 740.29 0
0.9166666666666666 animmotion 0.0 750.69 0
0.9333333333333333 animmotion 0.0 760.5 0
0.95 animmotion 0.0 769.71 0
0.9666666666666667 animmotion 0.0 778.27 0
0.9833333333333333 animmotion 0.0 786.17 0
1.0 animmotion 0.0 793.37 0
1.0166666666666666 animmotion 0.0 799.84 0
1.0333333333333334 animmotion 0.0 805.57 0
1.05 animmotion 0.0 810.51 0
1.0666666666666667 animmotion 0.0 814.64 0
1.0833333333333333 animmotion 0.0 817.96 0
1.1 animmotion 0.0 820.58 0
1.1166666666666667 animmotion 0.0 822.65 0
1.1333333333333333 animmotion 0.0 824.3 0
1.15 animmotion 0.0 825.68 0
1.1666666666666667 animmotion 0.0 826.93 0
1.1833333333333333 animmotion 0.0 828.19 0
1.2 animmotion 0.0 829.6 0
1.2166666666666666 animmotion 0.0 831.27 0
1.2333333333333334 animmotion 0.0 833.16 0
1.25 animmotion 0.0 835.21 0
1.2666666666666666 animmotion 0.0 837.34 0
1.2833333333333334 animmotion 0.0 839.48 0
1.3 animmotion 0.0 841.58 0
1.3166666666666667 animmotion 0.0 843.55 0
1.3333333333333333 animmotion 0.0 845.33 0
1.35 animmotion 0.0 846.9 0
1.3666666666666667 animmotion 0.0 848.23 0
1.3833333333333333 animmotion 0.0 849.3 0
1.4 animmotion 0.0 850.09 0
1.4166666666666667 animmotion 0.0 850.59 0
1.4333333333333333 animmotion 0.0 850.76 0
