0.0 PIE.@SGVF|MCO_AttackSpeed|1.0
0.0 PIE.@SGVI|MCO_NextAttack|5
0.0 PIE.@SGVI|MCO_NextPowerAttack|5
0.0 SoundPlay.FHPSound
0.0 PIE.$FHFX_Body
0.06666666666666667 CastOKStart
0.1 preHitFrame
0.36666666666666664 SoundPlay.WPNSwingFx
0.4166666666666667 Collision_AttackStart
0.4666666666666667 Collision_Add.Node(NPC L Calf [LClf])|ID(1)|Scale(3.0)|RadiusMult(3.0)|NoTrail|
0.4666666666666667 HitFrame
0.4666666666666667 PIE.$HitPushX3_Trigger
0.4666666666666667 PIE.@CAMSHAKE|0.5|0.3
0.55 Collision_AttackEnd
0.6 FootScuffLeft
0.63 PIE.$Layer_2
0.6333333333333333 MCO_WinOpen
0.6333333333333333 MCO_PowerWinOpen
0.9666666666666667 MCO_WinClose
0.9666666666666667 MCO_PowerWinClose
0.9666666666666667 MCO_Recovery
0.0 animmotion 0.0 0.0 0
0.016666666666666666 animmotion 0.0 0.58 0
0.03333333333333333 animmotion 0.0 2.18 0
0.05 animmotion 0.0 4.62 0
0.06666666666666667 animmotion 0.0 7.73 0
0.08333333333333333 animmotion 0.0 11.3 0
0.1 animmotion 0.0 15.16 0
0.11666666666666667 animmotion 0.0 19.14 0
0.13333333333333333 animmotion 0.0 23.23 0
0.15 animmotion 0.0 27.42 0
0.16666666666666666 animmotion 0.0 31.72 0
0.18333333333333332 animmotion 0.0 36.12 0
0.2 animmotion 0.0 40.63 0
0.21666666666666667 animmotion 0.0 45.25 0
0.23333333333333334 animmotion 0.0 49.98 0
0.25 animmotion 0.0 54.82 0
0.26666666666666666 animmotion 0.0 59.77 0
0.2833333333333333 animmotion 0.0 64.83 0
0.3 animmotion 0.0 69.94 0
0.31666666666666665 animmotion 0.0 75.04 0
0.3333333333333333 animmotion 0.0 80.05 0
0.35 animmotion 0.0 84.92 0
0.36666666666666664 animmotion 0.0 89.58 0
0.38333333333333336 animmotion 0.0 93.96 0
0.4 animmotion 0.0 98.0 0
0.4166666666666667 animmotion 0.0 101.64 0
0.43333333333333335 animmotion 0.0 104.8 0
0.45 animmotion 0.0 107.46 0
0.4666666666666667 animmotion 0.0 109.69 0
0.48333333333333334 animmotion 0.0 111.59 0
0.5 animmotion 0.0 113.27 0
0.5166666666666667 animmotion 0.0 114.84 0
0.5333333333333333 animmotion 0.0 116.4 0
0.55 animmotion 0.0 118.04 0
0.5666666666666667 animmotion 0.0 119.76 0
0.5833333333333334 animmotion 0.0 121.57 0
0.6 animmotion 0.0 123.46 0
0.6166666666666667 animmotion 0.0 125.42 0
0.6333333333333333 animmotion 0.0 127.43 0
0.65 animmotion 0.0 129.5 0
0.6666666666666666 animmotion 0.0 131.61 0
0.6833333333333333 animmotion 0.0 133.76 0
0.7 animmotion 0.0 135.92 0
0.7166666666666667 animmotion 0.0 138.07 0
0.7333333333333333 animmotion 0.0 140.17 0
0.75 animmotion 0.0 142.2 0
0.7666666666666667 animmotion 0.0 144.13 0
0.7833333333333333 animmotion 0.0 145.94 0
0.8 animmotion 0.0 147.6 0
0.8166666666666667 animmotion 0.0 149.07 0
0.8333333333333334 animmotion 0.0 150.34 0
0.85 animmotion 0.0 151.37 0
0.8666666666666667 animmotion 0.0 152.15 0
0.8833333333333333 animmotion 0.0 152.63 0
0.9 animmotion 0.0 152.8 0
