0.06 PIE.@SGVF|MCO_AttackSpeed|1.0
0.06 PIE.@SGVI|MCO_NextAttack|7
0.06 PIE.@SGVI|MCO_NextPowerAttack|7
0.06666666666666667 CastOKStart
0.1 preHitFrame
0.21666666666666667 FootScuffRight
0.5833333333333334 FootScuffLeft
0.6333333333333333 PIE.$HitLeft
0.65 weaponSwing
0.65 weaponLeftSwing
0.7 HitFrame
0.7 HitFrame
0.9 PIE.$Layer_2
0.9333333333333333 MCO_WinOpen
0.9333333333333333 MCO_PowerWinOpen
1.2666666666666666 MCO_WinClose
1.2666666666666666 MCO_PowerWinClose
1.2666666666666666 MCO_Recovery
1.3333333333333333 FootScuffRight
1.6333333333333333 FootScuffLeft
0.0 animmotion 0.0 0.0 0
0.016666666666666666 animmotion 1.13 0.0 0
0.03333333333333333 animmotion 4.3 0.0 0
0.05 animmotion 9.2 0.0 0
0.06666666666666667 animmotion 15.52 0.0 0
0.08333333333333333 animmotion 22.93 0.0 0
0.1 animmotion 31.11 0.0 0
0.11666666666666667 animmotion 39.76 0.0 0
0.13333333333333333 animmotion 48.54 0.0 0
0.15 animmotion 57.16 0.0 0
0.16666666666666666 animmotion 65.28 0.0 0
0.18333333333333332 animmotion 72.66 0.0 0
0.2 animmotion 79.27 0.0 0
0.21666666666666667 animmotion 85.14 0.0 0
0.23333333333333334 animmotion 90.33 0.0 0
0.25 animmotion 94.86 0.0 0
0.26666666666666666 animmotion 98.77 0.0 0
0.2833333333333333 animmotion 102.11 0.0 0
0.3 animmotion 104.91 0.0 0
0.31666666666666665 animmotion 107.22 0.0 0
0.3333333333333333 animmotion 109.06 0.0 0
0.35 animmotion 110.48 0.0 0
0.36666666666666664 animmotion 111.52 0.0 0
0.38333333333333336 animmotion 112.21 0.0 0
0.4 animmotion 112.6 0.0 0
0.4166666666666667 animmotion 112.72 0.0 0
0.43333333333333335 animmotion 112.48 0.34 0
0.45 animmotion 111.79 1.3 0
0.4666666666666667 animmotion 110.72 2.82 0
0.48333333333333334 animmotion 109.35 4.84 0
0.5 animmotion 107.74 7.28 0
0.5166666666666667 animmotion 105.95 10.09 0
0.5333333333333333 animmotion 104.07 13.19 0
0.55 animmotion 102.14 16.52 0
0.5666666666666667 animmotion 100.24 20.01 0
0.5833333333333334 animmotion 98.45 23.6 0
0.6 animmotion 96.82 27.21 0
0.6166666666666667 animmotion 95.41 30.81 0
0.6333333333333333 animmotion 94.19 34.36 0
0.65 animmotion 93.12 37.88 0
0.6666666666666666 animmotion 92.15 41.37 0
0.6833333333333333 animmotion 91.26 44.81 0
0.7 animmotion 90.39 48.23 0
0.7166666666666667 animmotion 89.52 51.57 0
0.7333333333333333 animmotion 88.68 54.71 0
0.75 animmotion 87.93 57.45 0
0.7666666666666667 animmotion 87.33 59.63 0
0.7833333333333333 animmotion 86.93 61.07 0
0.8 animmotion 86.79 61.59 0
