0.0 PIE.@SGVF|MCO_AttackSpeed|1.0
0.0 PIE.@SGVI|MCO_NextAttack|7
0.0 PIE.@SGVI|MCO_NextPowerAttack|7
0.0 FH_Dodge1
0.1 preHitFrame
0.13333333333333333 FootScuffLeft
0.6666666666666666 PIE.$FHFX
0.6666666666666666 SoundPlay.FHPSound
1.0333333333333334 FootScuffLeft
1.1333333333333333 FootScuffRight
1.2333333333333334 weaponSwing
1.2333333333333334 PIE.$HitPushX3
1.3166666666666667 HitFrame
1.6 MCO_WinOpen
1.6 MCO_PowerWinOpen
2.0 MCO_WinClose
2.0 MCO_PowerWinClose
2.0 MCO_Recovery
2.283333333333333 FootScuffLeft
0.0 animmotion 0.0 0.0 0
0.016666666666666666 animmotion 0.0 -0.41 0
0.03333333333333333 animmotion 0.0 -1.59 0
0.05 animmotion 0.0 -3.45 0
0.06666666666666667 animmotion 0.0 -5.88 0
0.08333333333333333 animmotion 0.0 -8.81 0
0.1 animmotion 0.0 -12.13 0
0.11666666666666667 animmotion 0.0 -15.76 0
0.13333333333333333 animmotion 0.0 -19.63 0
0.15 animmotion 0.0 -23.63 0
0.16666666666666666 animmotion 0.0 -27.71 0
0.18333333333333332 animmotion 0.0 -31.78 0
0.2 animmotion 0.0 -35.75 0
0.21666666666666667 animmotion 0.0 -39.56 0
0.23333333333333334 animmotion 0.0 -43.11 0
0.25 animmotion 0.0 -46.34 0
0.26666666666666666 animmotion 0.0 -49.16 0
0.2833333333333333 animmotion 0.0 -51.49 0
0.3 animmotion 0.0 -53.25 0
0.31666666666666665 animmotion 0.0 -54.37 0
0.3333333333333333 animmotion 0.0 -54.76 0
0.35 animmotion 0.0 -54.74 0
0.36666666666666664 animmotion 0.0 -54.71 0
0.38333333333333336 animmotion 0.0 -54.65 0
0.4 animmotion 0.0 -54.58 0
0.4166666666666667 animmotion 0.0 -54.5 0
0.43333333333333335 animmotion 0.0 -54.43 0
0.45 animmotion 0.0 -54.36 0
0.4666666666666667 animmotion 0.0 -54.3 0
0.48333333333333334 animmotion 0.0 -54.25 0
0.5 animmotion 0.0 -54.19 0
0.5166666666666667 animmotion 0.0 -54.1 0
0.5333333333333333 animmotion 0.0 -53.93 0
0.55 animmotion 0.0 -53.68 0
0.5666666666666667 animmotion 0.0 -53.3 0
0.5833333333333334 animmotion 0.0 -52.78 0
0.6 animmotion 0.0 -52.08 0
0.6166666666666667 animmotion 0.0 -51.18 0
0.6333333333333333 animmotion 0.0 -50.04 0
0.65 animmotion 0.0 -48.65 0
0.6666666666666666 animmotion 0.0 -46.97 0
0.6833333333333333 animmotion 0.0 -44.92 0
0.7 animmotion 0.0 -42.45 0
0.7166666666666667 animmotion 0.0 -39.58 0
0.7333333333333333 animmotion 0.0 -36.33 0
0.75 animmotion 0.0 -32.71 0
0.7666666666666667 animmotion 0.0 -28.73 0
0.7833333333333333 animmotion 0.0 -24.42 0
0.8 animmotion 0.0 -19.8 0
0.8166666666666667 animmotion 0.0 -14.87 0
0.8333333333333334 animmotion 0.0 -9.66 0
0.85 animmotion 0.0 -4.19 0
0.8666666666666667 animmotion 0.0 1.5 0
0.8833333333333333 animmotion 0.0 7.38 0
0.9 animmotion 0.0 13.4 0
0.9166666666666666 animmotion 0.0 19.52 0
0.9333333333333333 animmotion 0.0 25.7 0
0.95 animmotion 0.0 31.89 0
0.9666666666666667 animmotion 0.0 38.06 0
0.9833333333333333 animmotion 0.0 44.16 0
1.0 animmotion 0.0 50.16 0
1.0166666666666666 animmotion 0.0 56.0 0
1.0333333333333334 animmotion 0.0 61.65 0
1.05 animmotion 0.0 67.08 0
1.0666666666666667 animmotion 0.0 72.3 0
1.0833333333333333 animmotion 0.0 77.34 0
1.1 animmotion 0.0 82.22 0
1.1166666666666667 animmotion 0.0 86.96 0
1.1333333333333333 animmotion 0.0 91.6 0
1.15 animmotion 0.0 96.18 0
1.1666666666666667 animmotion 0.0 100.78 0
1.1833333333333333 animmotion 0.0 105.54 0
1.2 animmotion 0.0 110.58 0
1.2166666666666666 animmotion 0.0 116.05 0
1.2333333333333334 animmotion 0.0 122.11 0
1.25 animmotion 0.0 128.8 0
1.2666666666666666 animmotion 0.0 135.72 0
1.2833333333333334 animmotion 0.0 142.36 0
1.3 animmotion 0.0 148.22 0
1.3166666666666667 animmotion 0.0 152.88 0
1.3333333333333333 animmotion 0.0 156.43 0
1.35 animmotion 0.0 159.05 0
1.3666666666666667 animmotion 0.0 160.93 0
1.3833333333333333 animmotion 0.0 162.25 0
1.4 animmotion 0.0 163.2 0
1.4166666666666667 animmotion 0.0 163.97 0
1.4333333333333333 animmotion 0.0 164.75 0
1.45 animmotion 0.0 165.67 0
1.4666666666666666 animmotion 0.0 166.73 0
1.4833333333333334 animmotion 0.0 167.87 0
1.5 animmotion 0.0 169.04 0
1.5166666666666666 animmotion 0.0 170.19 0
1.5333333333333334 animmotion 0.0 171.3 0
1.55 animmotion 0.0 172.38 0
1.5666666666666667 animmotion 0.0 173.42 0
1.5833333333333333 animmotion 0.0 174.42 0
1.6 animmotion 0.0 175.38 0
1.6166666666666667 animmotion 0.0 176.29 0
1.6333333333333333 animmotion 0.0 177.16 0
1.65 animmotion 0.0 177.98 0
1.6666666666666667 animmotion 0.0 178.75 0
1.6833333333333333 animmotion 0.0 179.46 0
1.7 animmotion 0.0 180.11 0
1.7166666666666666 animmotion 0.0 180.71 0
1.7333333333333334 animmotion 0.0 181.25 0
1.75 animmotion 0.0 181.75 0
1.7666666666666666 animmotion 0.0 182.21 0
1.7833333333333334 animmotion 0.0 182.62 0
1.8 animmotion 0.0 183.01 0
1.8166666666666667 animmotion 0.0 183.38 0
1.8333333333333333 animmotion 0.0 183.72 0
1.85 animmotion 0.0 184.05 0
1.8666666666666667 animmotion 0.0 184.38 0
1.8833333333333333 animmotion 0.0 184.7 0
1.9 animmotion 0.0 185.02 0
1.9166666666666667 animmotion 0.0 185.36 0
1.9333333333333333 animmotion 0.0 185.71 0
1.95 animmotion 0.0 186.08 0
1.9666666666666666 animmotion 0.0 186.48 0
1.9833333333333334 animmotion 0.0 186.91 0
2.0 animmotion 0.0 187.38 0
2.0166666666666666 animmotion 0.0 187.9 0
2.033333333333333 animmotion 0.0 188.46 0
2.05 animmotion 0.0 189.08 0
2.066666666666667 animmotion 0.0 189.74 0
2.0833333333333335 animmotion 0.0 190.46 0
2.1 animmotion 0.0 191.21 0
2.1166666666666667 animmotion 0.0 191.99 0
2.1333333333333333 animmotion 0.0 192.8 0
2.15 animmotion 0.0 193.64 0
2.1666666666666665 animmotion 0.0 194.49 0
2.183333333333333 animmotion 0.0 195.35 0
2.2 animmotion 0.0 196.22 0
2.216666666666667 animmotion 0.0 197.09 0
2.2333333333333334 animmotion 0.0 197.96 0
2.25 animmotion 0.0 198.82 0
2.2666666666666666 animmotion 0.0 199.66 0
2.283333333333333 animmotion 0.0 200.48 0
2.3 animmotion 0.0 201.27 0
2.316666666666667 animmotion 0.0 202.03 0
2.3333333333333335 animmotion 0.0 202.75 0
2.35 animmotion 0.0 203.43 0
2.3666666666666667 animmotion 0.0 204.07 0
2.3833333333333333 animmotion 0.0 204.64 0
2.4 animmotion 0.0 205.16 0
2.4166666666666665 animmotion 0.0 205.62 0
2.433333333333333 animmotion 0.0 206.0 0
2.45 animmotion 0.0 206.31 0
2.466666666666667 animmotion 0.0 206.54 0
2.4833333333333334 animmotion 0.0 206.68 0
2.5 animmotion 0.0 206.72 0
