0.06 PIE.@SGVF|MCO_AttackSpeed|1.0
0.06 PIE.@SGVI|MCO_NextAttack|2
0.06 PIE.@SGVI|MCO_NextPowerAttack|2
0.06666666666666667 CastOKStart
0.1 preHitFrame
0.6666666666666666 FootScuffLeft
0.75 Collision_AttackStart
0.7833333333333333 SoundPlay.WPNUnarmedSwing
0.8166666666666667 Collision_Add.Node(NPC R Thigh [RThg])|ID(1)|Scale(2.0)
0.8166666666666667 Collision_Add.Node(NPC R Calf [RClf])|ID(1)|Scale(2.0)
0.8166666666666667 Collision_Add.Node(NPC R Foot [Rft ])|ID(1)|Scale(3.0)|RadiusMult(2.0)
0.8166666666666667 PIE.$Fist_Hit
0.8166666666666667 PIE.$HitRight
0.8166666666666667 HitFrame
0.8833333333333333 Collision_AttackEnd
0.9333333333333333 FootScuffRight
1.05 MCO_WinOpen
1.05 MCO_PowerWinOpen
1.3333333333333333 FootScuffRight
1.3833333333333333 MCO_WinClose
1.3833333333333333 MCO_PowerWinClose
1.3833333333333333 MCO_Recovery
0.0 animmotion 0.0 0.0 0
0.016666666666666666 animmotion 0.54 0.0 0
0.03333333333333333 animmotion 2.08 0.0 0
0.05 animmotion 4.52 0.0 0
0.06666666666666667 animmotion 7.76 0.0 0
0.08333333333333333 animmotion 11.67 0.0 0
0.1 animmotion 16.17 0.0 0
0.11666666666666667 animmotion 21.13 0.0 0
0.13333333333333333 animmotion 26.45 0.0 0
0.15 animmotion 32.03 0.0 0
0.16666666666666666 animmotion 37.76 0.0 0
0.18333333333333332 animmotion 43.52 0.0 0
0.2 animmotion 49.22 0.0 0
0.21666666666666667 animmotion 54.74 0.0 0
0.23333333333333334 animmotion 59.98 0.0 0
0.25 animmotion 64.84 0.0 0
0.26666666666666666 animmotion 69.19 0.0 0
0.2833333333333333 animmotion 72.99 0.0 0
0.3 animmotion 76.33 0.0 0
0.31666666666666665 animmotion 79.38 0.0 0
0.3333333333333333 animmotion 82.28 0.0 0
0.35 animmotion 85.19 0.0 0
0.36666666666666664 animmotion 88.26 0.0 0
0.38333333333333336 animmotion 91.61 0.0 0
0.4 animmotion 95.22 0.0 0
0.4166666666666667 animmotion 99.03 0.0 0
0.43333333333333335 animmotion 102.99 0.0 0
0.45 animmotion 107.05 0.0 0
0.4666666666666667 animmotion 111.14 0.0 0
0.48333333333333334 animmotion 115.21 0.0 0
0.5 animmotion 119.2 0.0 0
0.5166666666666667 animmotion 123.07 0.0 0
0.5333333333333333 animmotion 126.74 0.0 0
0.55 animmotion 130.19 0.0 0
0.5666666666666667 animmotion 133.42 0.0 0
0.5833333333333334 animmotion 136.45 0.0 0
0.6 animmotion 139.3 0.0 0
0.6166666666666667 animmotion 141.98 0.0 0
0.6333333333333333 animmotion 144.53 0.0 0
0.65 animmotion 146.97 0.0 0
0.6666666666666666 animmotion 149.3 0.0 0
0.6833333333333333 animmotion 151.57 0.0 0
0.7 animmotion 153.77 0.0 0
0.7166666666666667 animmotion 155.94 0.0 0
0.7333333333333333 animmotion 158.1 0.0 0
0.75 animmotion 160.27 0.0 0
0.7666666666666667 animmotion 162.46 0.0 0
0.7833333333333333 animmotion 164.7 0.0 0
0.8 animmotion 167.01 0.0 0
0.8166666666666667 animmotion 169.41 0.0 0
0.8333333333333334 animmotion 171.93 0.0 0
0.85 animmotion 174.57 0.0 0
0.8666666666666667 animmotion 177.37 0.0 0
0.8833333333333333 animmotion 180.34 0.0 0
0.9 animmotion 183.5 0.0 0
0.9166666666666666 animmotion 186.88 0.0 0
0.9333333333333333 animmotion 190.5 0.0 0
0.95 animmotion 194.33 0.0 0
0.9666666666666667 animmotion 198.19 0.0 0
0.9833333333333333 animmotion 201.85 0.0 0
1.0 animmotion 205.1 0.0 0
1.0166666666666666 animmotion 207.69 0.0 0
1.0333333333333334 animmotion 209.42 0.0 0
1.05 animmotion 210.04 0.0 0
