0.06 PIE.@SGVF|MCO_AttackSpeed|1.0
0.06 PIE.@SGVI|MCO_NextAttack|5
0.06 PIE.@SGVI|MCO_NextPowerAttack|6
0.0 ParryStart2
1.1 KnockedDown
0.03333333333333333 SoundPlay.WPNSwing2Hand
0.06666666666666667 CastOKStart
0.1 preHitFrame
0.1 Collision_AttackStart
0.13333333333333333 PIE.$Shield_Hit
0.13333333333333333 HitFrame
0.13333333333333333 Collision_Add.Node(SHIELD)|Scale(2.0)|NoTrail
0.13333333333333333 PIE.$HitPushX3_Trigger
0.2 Collision_Remove.Node(SHIELD)
0.6666666666666666 SoundPlay.FHPSound
0.6666666666666666 PIE.$FHFX_Shield
0.8333333333333334 ParryStop
1.1666666666666667 SoundPlay.WPNSwing2Hand
1.2333333333333334 PIE.$FootStamp_Trigger
1.2333333333333334 Collision_Add.Node(SHIELD)|Scale(3.0)|NoTrail
1.2333333333333334 PIE.$Shield_Hit
1.2333333333333334 HitFrame
1.3 Collision_Remove.Node(SHIELD)
1.3333333333333333 Collision_AttackEnd
1.56 PIE.$Layer_2
1.5666666666666667 MCO_WinOpen
1.5666666666666667 MCO_PowerWinOpen
1.9 MCO_WinClose
1.9 MCO_PowerWinClose
1.9 MCO_Recovery
1.9833333333333334 AttackStop
0.23333333333333334 FootScuffLeft
0.5 FootScuffRight
0.7 FootScuffLeft
1.1666666666666667 FootScuffRight
1.5666666666666667 FootScuffLeft
0.0 animmotion 0.0 0.0 0
0.016666666666666666 animmotion 0.0 1.71 0
0.03333333333333333 animmotion 0.0 6.56 0
0.05 animmotion 0.0 14.12 0
0.06666666666666667 animmotion 0.0 23.95 0
0.08333333333333333 animmotion 0.0 35.63 0
0.1 animmotion 0.0 48.72 0
0.11666666666666667 animmotion 0.0 62.79 0
0.13333333333333333 animmotion 0.0 77.42 0
0.15 animmotion 0.0 92.17 0
0.16666666666666666 animmotion 0.0 106.69 0
0.18333333333333332 animmotion 0.0 120.93 0
0.2 animmotion 0.0 134.95 0
0.21666666666666667 animmotion 0.0 148.77 0
0.23333333333333334 animmotion 0.0 162.43 0
0.25 animmotion 0.0 175.97 0
0.26666666666666666 animmotion 0.0 189.44 0
0.2833333333333333 animmotion 0.0 202.86 0
0.3 animmotion 0.0 216.28 0
0.31666666666666665 animmotion 0.0 229.73 0
0.3333333333333333 animmotion 0.0 243.26 0
0.35 animmotion 0.0 256.89 0
0.36666666666666664 animmotion 0.0 270.68 0
0.38333333333333336 animmotion 0.0 284.65 0
0.4 animmotion 0.0 298.85 0
0.4166666666666667 animmotion 0.0 313.3 0
0.43333333333333335 animmotion 0.0 327.97 0
0.45 animmotion 0.0 342.83 0
0.4666666666666667 animmotion 0.0 357.83 0
0.48333333333333334 animmotion 0.0 372.95 0
0.5 animmotion 0.0 388.12 0
0.5166666666666667 animmotion 0.0 403.33 0
0.5333333333333333 animmotion 0.0 418.52 0
0.55 animmotion 0.0 433.67 0
0.5666666666666667 animmotion 0.0 448.72 0
0.5833333333333334 animmotion 0.0 463.65 0
0.6 animmotion 0.0 478.41 0
0.6166666666666667 animmotion 0.0 492.96 0
0.6333333333333333 animmotion 0.0 507.26 0
0.65 animmotion 0.0 521.28 0
0.6666666666666666 animmotion 0.0 534.97 0
0.6833333333333333 animmotion 0.0 548.3 0
0.7 animmotion 0.0 561.23 0
0.7166666666666667 animmotion 0.0 573.71 0
0.7333333333333333 animmotion 0.0 585.72 0
0.75 animmotion 0.0 597.2 0
0.7666666666666667 animmotion 0.0 608.12 0
0.7833333333333333 animmotion 0.0 618.45 0
0.8 animmotion 0.0 628.22 0
0.8166666666666667 animmotion 0.0 637.47 0
0.8333333333333334 animmotion 0.0 646.22 0
0.85 animmotion 0.0 654.52 0
0.8666666666666667 animmotion 0.0 662.4 0
0.8833333333333333 animmotion 0.0 669.94 0
0.9 animmotion 0.0 677.31 0
0.9166666666666666 animmotion 0.0 684.74 0
0.9333333333333333 animmotion 0.0 692.45 0
0.95 animmotion 0.0 700.65 0
0.9666666666666667 animmotion 0.0 709.58 0
0.9833333333333333 animmotion 0.0 719.34 0
1.0 animmotion 0.0 729.66 0
1.0166666666666666 animmotion 0.0 740.15 0
1.0333333333333334 animmotion 0.0 750.44 0
1.05 animmotion 0.0 760.14 0
1.0666666666666667 animmotion 0.0 768.87 0
1.0833333333333333 animmotion 0.0 776.37 0
1.1 animmotion 0.0 782.87 0
1.1166666666666667 animmotion 0.0 788.72 0
1.1333333333333333 animmotion 0.0 794.27 0
1.15 animmotion 0.0 799.86 0
1.1666666666666667 animmotion 0.0 805.85 0
1.1833333333333333 animmotion 0.0 812.48 0
1.2 animmotion 0.0 819.53 0
1.2166666666666666 animmotion 0.0 826.71 0
1.2333333333333334 animmotion 0.0 833.7 0
1.25 animmotion 0.0 840.18 0
1.2666666666666666 animmotion 0.0 845.85 0
1.2833333333333334 animmotion 0.0 850.39 0
1.3 animmotion 0.0 853.48 0
1.3166666666666667 animmotion 0.0 855.21 0
1.3333333333333333 animmotion 0.0 856.07 0
1.35 animmotion 0.0 856.4 0
1.3666666666666667 animmotion 0.0 856.51 0
1.3833333333333333 animmotion 0.0 856.7 0
1.4 animmotion 0.0 857.03 0
1.4166666666666667 animmotion 0.0 857.55 0
1.4333333333333333 animmotion 0.0 858.28 0
1.45 animmotion 0.0 859.23 0
1.4666666666666666 animmotion 0.0 860.36 0
1.4833333333333334 animmotion 0.0 861.6 0
1.5 animmotion 0.0 862.89 0
1.5166666666666666 animmotion 0.0 864.16 0
1.5333333333333334 animmotion 0.0 865.34 0
1.55 animmotion 0.0 866.38 0
1.5666666666666667 animmotion 0.0 867.2 0
1.5833333333333333 animmotion 0.0 867.74 0
1.6 animmotion 0.0 867.93 0
