0.06 PIE.@SGVF|MCO_AttackSpeed|1.0
0.06 PIE.@SGVI|MCO_NextAttack|6
0.06 PIE.@SGVI|MCO_NextPowerAttack|6
0.0 PIE.$FHFX
0.0 SoundPlay.FHPSound
0.06666666666666667 CastOKStart
0.1 preHitFrame
0.4666666666666667 FootScuffLeft
0.7 PIE.$FootStamp
0.7333333333333333 weaponSwing
0.7333333333333333 FootScuffRight
0.8 HitFrame
1.06666 PIE.$Layer_2
1.1 MCO_WinOpen
1.1 MCO_PowerWinOpen
1.4333333333333333 MCO_WinClose
1.4333333333333333 MCO_PowerWinClose
1.4333333333333333 MCO_Recovery
1.6 FootScuffLeft
0.0 animmotion 0.0 0.0 0
0.016666666666666666 animmotion 0.0 0.15 0
0.03333333333333333 animmotion 0.0 0.58 0
0.05 animmotion 0.0 1.26 0
0.06666666666666667 animmotion 0.0 2.15 0
0.08333333333333333 animmotion 0.0 3.22 0
0.1 animmotion 0.0 4.43 0
0.11666666666666667 animmotion 0.0 5.75 0
0.13333333333333333 animmotion 0.0 7.14 0
0.15 animmotion 0.0 8.58 0
0.16666666666666666 animmotion 0.0 10.02 0
0.18333333333333332 animmotion 0.0 11.44 0
0.2 animmotion 0.0 12.8 0
0.21666666666666667 animmotion 0.0 14.06 0
0.23333333333333334 animmotion 0.0 15.19 0
0.25 animmotion 0.0 16.17 0
0.26666666666666666 animmotion 0.0 17.02 0
0.2833333333333333 animmotion 0.0 17.8 0
0.3 animmotion 0.0 18.53 0
0.31666666666666665 animmotion 0.0 19.25 0
0.3333333333333333 animmotion 0.0 20.01 0
0.35 animmotion 0.0 20.85 0
0.36666666666666664 animmotion 0.0 21.81 0
0.38333333333333336 animmotion 0.0 22.92 0
0.4 animmotion 0.0 24.23 0
0.4166666666666667 animmotion 0.0 25.77 0
0.43333333333333335 animmotion 0.0 27.59 0
0.45 animmotion 0.0 29.73 0
0.4666666666666667 animmotion 0.0 32.23 0
0.48333333333333334 animmotion 0.0 35.12 0
0.5 animmotion 0.0 38.44 0
0.5166666666666667 animmotion 0.0 42.22 0
0.5333333333333333 animmotion 0.0 46.37 0
0.55 animmotion 0.0 50.77 0
0.5666666666666667 animmotion 0.0 55.32 0
0.5833333333333334 animmotion 0.0 59.9 0
0.6 animmotion 0.0 64.41 0
0.6166666666666667 animmotion 0.0 68.71 0
0.6333333333333333 animmotion 0.0 72.62 0
0.65 animmotion 0.0 75.92 0
0.6666666666666666 animmotion 0.0 78.39 0
0.6833333333333333 animmotion 0.0 80.01 0
0.7 animmotion 0.0 81.46 0
0.7166666666666667 animmotion 0.0 83.62 0
0.7333333333333333 animmotion 0.0 87.34 0
0.75 animmotion 0.0 93.11 0
0.7666666666666667 animmotion 0.0 99.78 0
0.7833333333333333 animmotion 0.0 105.79 0
0.8 animmotion 0.0 109.6 0
0.8166666666666667 animmotion 0.0 111.06 0
0.8333333333333334 animmotion 0.0 111.54 0
0.85 animmotion 0.0 111.8 0
0.8666666666666667 animmotion 0.0 112.45 0
0.8833333333333333 animmotion 0.0 113.49 0
0.9 animmotion 0.0 114.73 0
0.9166666666666666 animmotion 0.0 116.02 0
0.9333333333333333 animmotion 0.0 117.2 0
0.95 animmotion 0.0 118.12 0
0.9666666666666667 animmotion 0.0 118.81 0
0.9833333333333333 animmotion 0.0 119.3 0
1.0 animmotion 0.0 119.63 0
1.0166666666666666 animmotion 0.0 119.86 0
1.0333333333333334 animmotion 0.0 120.01 0
1.05 animmotion 0.0 120.15 0
1.0666666666666667 animmotion 0.0 120.3 0
1.0833333333333333 animmotion 0.0 120.52 0
1.1 animmotion 0.0 120.85 0
1.1166666666666667 animmotion 0.0 121.32 0
1.1333333333333333 animmotion 0.0 121.94 0
1.15 animmotion 0.0 122.69 0
1.1666666666666667 animmotion 0.0 123.57 0
1.1833333333333333 animmotion 0.0 124.57 0
1.2 animmotion 0.0 125.68 0
1.2166666666666666 animmotion 0.0 126.9 0
1.2333333333333334 animmotion 0.0 128.22 0
1.25 animmotion 0.0 129.63 0
1.2666666666666666 animmotion 0.0 131.12 0
1.2833333333333334 animmotion 0.0 132.68 0
1.3 animmotion 0.0 134.32 0
1.3166666666666667 animmotion 0.0 136.01 0
1.3333333333333333 animmotion 0.0 137.75 0
1.35 animmotion 0.0 139.54 0
1.3666666666666667 animmotion 0.0 141.36 0
1.3833333333333333 animmotion 0.0 143.21 0
1.4 animmotion 0.0 145.09 0
1.4166666666666667 animmotion 0.0 146.98 0
1.4333333333333333 animmotion 0.0 148.87 0
1.45 animmotion 0.0 150.76 0
1.4666666666666666 animmotion 0.0 152.64 0
1.4833333333333334 animmotion 0.0 154.51 0
1.5 animmotion 0.0 156.35 0
1.5166666666666666 animmotion 0.0 158.16 0
1.5333333333333334 animmotion 0.0 159.92 0
1.55 animmotion 0.0 161.64 0
1.5666666666666667 animmotion 0.0 163.31 0
1.5833333333333333 animmotion 0.0 164.91 0
1.6 animmotion 0.0 166.44 0
1.6166666666666667 animmotion 0.0 167.89 0
1.6333333333333333 animmotion 0.0 169.26 0
1.65 animmotion 0.0 170.53 0
1.6666666666666667 animmotion 0.0 171.7 0
1.6833333333333333 animmotion 0.0 172.77 0
1.7 animmotion 0.0 173.71 0
1.7166666666666666 animmotion 0.0 174.53 0
1.7333333333333334 animmotion 0.0 175.22 0
1.75 animmotion 0.0 175.77 0
1.7666666666666666 animmotion 0.0 176.17 0
1.7833333333333334 animmotion 0.0 176.42 0
1.8 animmotion 0.0 176.5 0
