0.0 FootScuffLeft
0.06 PIE.@SGVF|MCO_AttackSpeed|1.0
0.06 PIE.@SGVI|MCO_NextAttack|2
0.06 PIE.@SGVI|MCO_NextPowerAttack|2
0.0 FH_Dodge
0.03333333333333333 FootScuffRight
0.06666666666666667 CastOKStart
0.1 preHitFrame
0.22 PIE.$Layer_2
0.61 PIE.$Layer_2
0.23333333333333334 MCO_WinOpen
0.23333333333333334 MCO_PowerWinOpen
0.4 FootScuffLeft
0.55 FakeHit
0.5666666666666667 FootScuffRight
0.8833333333333333 FootScuffLeft
0.9 MCO_WinClose
0.9 MCO_PowerWinClose
0.9 MCO_Recovery
0.0 animmotion 0.0 0.0 0
0.016666666666666666 animmotion 0.48 0.0 0
0.03333333333333333 animmotion 1.87 0.0 0
0.05 animmotion 4.09 0.0 0
0.06666666666666667 animmotion 7.09 0.0 0
0.08333333333333333 animmotion 10.77 0.0 0
0.1 animmotion 15.07 0.0 0
0.11666666666666667 animmotion 19.92 0.0 0
0.13333333333333333 animmotion 25.25 0.0 0
0.15 animmotion 30.98 0.0 0
0.16666666666666666 animmotion 37.03 0.0 0
0.18333333333333332 animmotion 43.35 0.0 0
0.2 animmotion 49.85 0.0 0
0.21666666666666667 animmotion 56.46 0.0 0
0.23333333333333334 animmotion 63.11 0.0 0
0.25 animmotion 69.74 0.0 0
0.26666666666666666 animmotion 76.32 0.0 0
0.2833333333333333 animmotion 82.86 0.0 0
0.3 animmotion 89.32 0.0 0
0.31666666666666665 animmotion 95.71 0.0 0
0.3333333333333333 animmotion 102.01 0.0 0
0.35 animmotion 108.22 0.0 0
0.36666666666666664 animmotion 114.31 0.0 0
0.38333333333333336 animmotion 120.29 0.0 0
0.4 animmotion 126.13 0.0 0
0.4166666666666667 animmotion 131.83 0.0 0
0.43333333333333335 animmotion 137.38 0.0 0
0.45 animmotion 142.77 0.0 0
0.4666666666666667 animmotion 147.98 0.0 0
0.48333333333333334 animmotion 153.01 0.0 0
0.5 animmotion 157.84 0.0 0
0.5166666666666667 animmotion 162.47 0.0 0
0.5333333333333333 animmotion 166.88 0.0 0
0.55 animmotion 171.06 0.0 0
0.5666666666666667 animmotion 174.99 0.0 0
0.5833333333333334 animmotion 178.69 0.0 0
0.6 animmotion 182.13 0.0 0
0.6166666666666667 animmotion 185.34 0.0 0
0.6333333333333333 animmotion 188.32 0.0 0
0.65 animmotion 191.07 0.0 0
0.6666666666666666 animmotion 193.6 0.0 0
0.6833333333333333 animmotion 195.91 0.0 0
0.7 animmotion 198.02 0.0 0
0.7166666666666667 animmotion 199.92 0.0 0
0.7333333333333333 animmotion 201.63 0.0 0
0.75 animmotion 203.15 0.0 0
0.7666666666666667 animmotion 204.48 0.0 0
0.7833333333333333 animmotion 205.63 0.0 0
0.8 animmotion 206.61 0.0 0
0.8166666666666667 animmotion 207.42 0.0 0
0.8333333333333334 animmotion 208.07 0.0 0
0.85 animmotion 208.57 0.0 0
0.8666666666666667 animmotion 208.91 0.0 0
0.8833333333333333 animmotion 209.12 0.0 0
0.9 animmotion 209.19 0.0 0
