0.06 PIE.@SGVF|MCO_AttackSpeed|1.0
0.06 PIE.@SGVI|MCO_NextAttack|9
0.06 PIE.@SGVI|MCO_NextPowerAttack|10
0.000000 Adjustment_On
2.000000 
0.0 PIE.$FHFX
0.0 SoundPlay.FHPSound
0.06666666666666667 CastOKStart
0.1 preHitFrame
0.2 KnockedDown
1.5833333333333333 PIE.$HitPushX2
1.6 weaponSwing
1.6 weaponLeftSwing
1.5 Collision_AttackStart
1.6666666666666667 Collision_Add.Node(WEAPON)|ID(1)|DamageMult(1.5)|Scale(1.0)
1.6666666666666667 Collision_Add.Node(SHIELD)|ID(2)|DamageMult(1.5)|Scale(1.5)
1.7 HitFrame
1.85 Collision_AttackEnd
1.8833333333333333 PIE.$Layer_2
1.9 MCO_WinOpen
1.9 MCO_PowerWinOpen
1.9666666666666666 FootScuffRight
2.2333333333333334 MCO_WinClose
2.2333333333333334 MCO_PowerWinClose
2.2333333333333334 MCO_Recovery
2.466666666666667 FootScuffLeft
0.0 animmotion 0.0 0.0 0
0.016666666666666666 animmotion 0.0 -0.24 0
0.03333333333333333 animmotion 0.0 -0.95 0
0.05 animmotion 0.0 -2.07 0
0.06666666666666667 animmotion 0.0 -3.57 0
0.08333333333333333 animmotion 0.0 -5.41 0
0.1 animmotion 0.0 -7.53 0
0.11666666666666667 animmotion 0.0 -9.91 0
0.13333333333333333 animmotion 0.0 -12.5 0
0.15 animmotion 0.0 -15.25 0
0.16666666666666666 animmotion 0.0 -18.14 0
0.18333333333333332 animmotion 0.0 -21.1 0
0.2 animmotion 0.0 -24.11 0
0.21666666666666667 animmotion 0.0 -27.11 0
0.23333333333333334 animmotion 0.0 -30.08 0
0.25 animmotion 0.0 -32.96 0
0.26666666666666666 animmotion 0.0 -35.71 0
0.2833333333333333 animmotion 0.0 -38.3 0
0.3 animmotion 0.0 -40.68 0
0.31666666666666665 animmotion 0.0 -42.81 0
0.3333333333333333 animmotion 0.0 -44.64 0
0.35 animmotion 0.0 -46.14 0
0.36666666666666664 animmotion 0.0 -47.26 0
0.38333333333333336 animmotion 0.0 -47.97 0
1.3333333333333333 animmotion 0.0 -48.21 0
1.35 animmotion 0.0 -48.17 0
1.3666666666666667 animmotion 0.0 -47.85 0
1.3833333333333333 animmotion 0.0 -46.99 0
1.4 animmotion 0.0 -45.31 0
1.4166666666666667 animmotion 0.0 -42.54 0
1.4333333333333333 animmotion 0.0 -38.41 0
1.45 animmotion 0.0 -32.65 0
1.4666666666666666 animmotion 0.0 -24.98 0
1.4833333333333334 animmotion 0.0 -11.27 0
1.5 animmotion 0.0 9.11 0
1.5166666666666666 animmotion 0.0 31.96 0
1.5333333333333334 animmotion 0.0 56.11 0
1.55 animmotion 0.0 81.14 0
1.5666666666666667 animmotion 0.0 106.67 0
1.5833333333333333 animmotion 0.0 132.29 0
1.6 animmotion 0.0 157.58 0
1.6166666666666667 animmotion 0.0 182.15 0
1.6333333333333333 animmotion 0.0 205.59 0
1.65 animmotion 0.0 227.5 0
1.6666666666666667 animmotion 0.0 247.48 0
1.6833333333333333 animmotion 0.0 265.11 0
1.7 animmotion 0.0 279.99 0
1.7166666666666666 animmotion 0.0 292.08 0
1.7333333333333334 animmotion 0.0 301.75 0
1.75 animmotion 0.0 309.29 0
1.7666666666666666 animmotion 0.0 314.95 0
1.7833333333333334 animmotion 0.0 319.01 0
1.8 animmotion 0.0 321.73 0
1.8166666666666667 animmotion 0.0 323.38 0
1.8333333333333333 animmotion 0.0 324.23 0
1.85 animmotion 0.0 324.54 0
1.8666666666666667 animmotion 0.0 324.58 0
