0.06 PIE.@SGVF|MCO_AttackSpeed|1.0
0.06 PIE.@SGVI|MCO_NextAttack|3
0.06 PIE.@SGVI|MCO_NextPowerAttack|4
0.0 SoundPlay.FHPSound
0.0 PIE.$FHFX_Shield
0.0 ParryStart2
0.06666666666666667 CastOKStart
0.1 preHitFrame
0.23333333333333334 FootScuffLeft
0.5333333333333333 FootScuffRight
0.5666666666666667 Collision_AttackStart
0.6333333333333333 SoundPlay.WPNSwing2Hand
0.7666666666666667 Collision_Add.Node(SHIELD)|Scale(3.0)|NoTrail
0.7666666666666667 PIE.$Shield_Hit
0.7666666666666667 PIE.$HitPushX3_Trigger
0.7666666666666667 PIE.@CAMSHAKE|1.0|0.3
0.7666666666666667 HitFrame
0.8 Collision_AttackEnd
0.8333333333333334 FootScuffLeft
1.0 FootScuffRight
1.1 MCO_WinOpen
1.1 MCO_PowerWinOpen
0.6 ParryStop
1.4333333333333333 MCO_WinClose
1.4333333333333333 MCO_PowerWinClose
1.4333333333333333 MCO_Recovery
1.65 AttackStop
0.0 animmotion 0.0 0.0 0
0.016666666666666666 animmotion 0.0 0.07 0
0.03333333333333333 animmotion 0.0 0.28 0
0.05 animmotion 0.0 0.63 0
0.06666666666666667 animmotion 0.0 1.13 0
0.08333333333333333 animmotion 0.0 1.78 0
0.1 animmotion 0.0 2.57 0
0.11666666666666667 animmotion 0.0 3.52 0
0.13333333333333333 animmotion 0.0 4.61 0
0.15 animmotion 0.0 5.86 0
0.16666666666666666 animmotion 0.0 7.27 0
0.18333333333333332 animmotion 0.0 8.83 0
0.2 animmotion 0.0 10.56 0
0.21666666666666667 animmotion 0.0 12.44 0
0.23333333333333334 animmotion 0.0 14.49 0
0.25 animmotion 0.0 16.7 0
0.26666666666666666 animmotion 0.0 19.08 0
0.2833333333333333 animmotion 0.0 21.63 0
0.3 animmotion 0.0 24.35 0
0.31666666666666665 animmotion 0.0 27.25 0
0.3333333333333333 animmotion 0.0 30.31 0
0.35 animmotion 0.0 33.56 0
0.36666666666666664 animmotion 0.0 37.0 0
0.38333333333333336 animmotion 0.0 40.66 0
0.4 animmotion 0.0 44.55 0
0.4166666666666667 animmotion 0.0 48.69 0
0.43333333333333335 animmotion 0.0 53.1 0
0.45 animmotion 0.0 57.8 0
0.4666666666666667 animmotion 0.0 62.81 0
0.48333333333333334 animmotion 0.0 68.14 0
0.5 animmotion 0.0 73.82 0
0.5166666666666667 animmotion 0.0 79.83 0
0.5333333333333333 animmotion 0.0 86.01 0
0.55 animmotion 0.0 92.14 0
0.5666666666666667 animmotion 0.0 98.04 0
0.5833333333333334 animmotion 0.0 103.51 0
0.6 animmotion 0.0 108.57 0
0.6166666666666667 animmotion 0.0 113.91 0
0.6333333333333333 animmotion 0.0 120.39 0
0.65 animmotion 0.0 128.66 0
0.6666666666666666 animmotion 0.0 138.56 0
0.6833333333333333 animmotion 0.0 149.74 0
0.7 animmotion 0.0 161.85 0
0.7166666666666667 animmotion 0.0 174.53 0
0.7333333333333333 animmotion 0.0 187.42 0
0.75 animmotion 0.0 200.18 0
0.7666666666666667 animmotion 0.0 212.44 0
0.7833333333333333 animmotion 0.0 223.91 0
0.8 animmotion 0.0 234.57 0
0.8166666666666667 animmotion 0.0 244.43 0
0.8333333333333334 animmotion 0.0 253.54 0
0.85 animmotion 0.0 261.91 0
0.8666666666666667 animmotion 0.0 269.58 0
0.8833333333333333 animmotion 0.0 276.59 0
0.9 animmotion 0.0 282.95 0
0.9166666666666666 animmotion 0.0 288.7 0
0.9333333333333333 animmotion 0.0 293.88 0
0.95 animmotion 0.0 298.5 0
0.9666666666666667 animmotion 0.0 302.6 0
0.9833333333333333 animmotion 0.0 306.21 0
1.0 animmotion 0.0 309.36 0
1.0166666666666666 animmotion 0.0 312.08 0
1.0333333333333334 animmotion 0.0 314.4 0
1.05 animmotion 0.0 316.35 0
1.0666666666666667 animmotion 0.0 317.95 0
1.0833333333333333 animmotion 0.0 319.25 0
1.1 animmotion 0.0 320.26 0
1.1166666666666667 animmotion 0.0 321.02 0
1.1333333333333333 animmotion 0.0 321.56 0
1.15 animmotion 0.0 321.91 0
1.1666666666666667 animmotion 0.0 322.1 0
1.1833333333333333 animmotion 0.0 322.15 0
