0.06 PIE.@SGVF|MCO_AttackSpeed|1.0
0.06 PIE.@SGVI|MCO_NextAttack|3
0.06 PIE.@SGVI|MCO_NextPowerAttack|10
0.0 ParryStart2
0.06666666666666667 CastOKStart
0.1 preHitFrame
0.1 FootScuffRight
0.13333333333333333 Collision_AttackStart
0.2 SoundPlay.WPNSwing2Hand
0.3333333333333333 Collision_Add.Node(SHIELD)|Scale(3.0)|NoTrail
0.3333333333333333 PIE.$Shield_Hit
0.3333333333333333 PIE.$HitPushX3_Trigger
0.3333333333333333 HitFrame
0.36666666666666664 Collision_AttackEnd
0.4 FootScuffLeft
0.5666666666666667 FootScuffRight
0.6666666666666666 MCO_WinOpen
0.6666666666666666 MCO_PowerWinOpen
0.5 ParryStop
1.0 MCO_WinClose
1.0 MCO_PowerWinClose
1.0 MCO_Recovery
1.2166666666666666 AttackStop
0.0 animmotion 0.0 0.0 0
0.06666666666666667 animmotion 0.0 0.0 0
0.08333333333333333 animmotion 0.0 2.58 0
0.1 animmotion 0.0 8.9 0
0.11666666666666667 animmotion 0.0 16.83 0
0.13333333333333333 animmotion 0.0 24.21 0
0.15 animmotion 0.0 29.68 0
0.16666666666666666 animmotion 0.0 34.6 0
0.18333333333333332 animmotion 0.0 39.98 0
0.2 animmotion 0.0 46.56 0
0.21666666666666667 animmotion 0.0 54.92 0
0.23333333333333334 animmotion 0.0 64.87 0
0.25 animmotion 0.0 76.07 0
0.26666666666666666 animmotion 0.0 88.17 0
0.2833333333333333 animmotion 0.0 100.83 0
0.3 animmotion 0.0 113.68 0
0.31666666666666665 animmotion 0.0 126.4 0
0.3333333333333333 animmotion 0.0 138.61 0
0.35 animmotion 0.0 150.05 0
0.36666666666666664 animmotion 0.0 160.68 0
0.38333333333333336 animmotion 0.0 170.51 0
0.4 animmotion 0.0 179.6 0
0.4166666666666667 animmotion 0.0 187.96 0
0.43333333333333335 animmotion 0.0 195.62 0
0.45 animmotion 0.0 202.62 0
0.4666666666666667 animmotion 0.0 208.98 0
0.48333333333333334 animmotion 0.0 214.73 0
0.5 animmotion 0.0 219.91 0
0.5166666666666667 animmotion 0.0 224.54 0
0.5333333333333333 animmotion 0.0 228.65 0
0.55 animmotion 0.0 232.27 0
0.5666666666666667 animmotion 0.0 235.43 0
0.5833333333333334 animmotion 0.0 238.16 0
0.6 animmotion 0.0 240.49 0
0.6166666666666667 animmotion 0.0 242.45 0
0.6333333333333333 animmotion 0.0 244.07 0
0.65 animmotion 0.0 245.38 0
0.6666666666666666 animmotion 0.0 246.4 0
0.6833333333333333 animmotion 0.0 247.18 0
0.7 animmotion 0.0 247.72 0
0.7166666666666667 animmotion 0.0 248.08 0
0.7333333333333333 animmotion 0.0 248.27 0
0.75 animmotion 0.0 248.33 0
