0.06 PIE.@SGVF|MCO_AttackSpeed|1.0
0.06 PIE.@SGVI|MCO_NextAttack|2
0.06 PIE.@SGVI|MCO_NextPowerAttack|2
0.0 FH_Dodge
0.03333333333333333 FootScuffRight
0.06666666666666667 preHitFrame
0.21 PIE.$Layer_2
0.23333333333333334 MCO_WinOpen
0.23333333333333334 MCO_PowerWinOpen
0.4666666666666667 FootScuffLeft
0.5 FakeHit
0.6 PIE.$Layer_2
0.8 FootScuffRight
0.8333333333333334 MCO_WinClose
0.8333333333333334 MCO_PowerWinClose
0.8333333333333334 MCO_Recovery
0.0 animmotion 0.0 0.0 0
0.016666666666666666 animmotion 1.36 0.0 0
0.03333333333333333 animmotion 5.06 0.0 0
0.05 animmotion 10.52 0.0 0
0.06666666666666667 animmotion 17.17 0.0 0
0.08333333333333333 animmotion 24.43 0.0 0
0.1 animmotion 31.74 0.0 0
0.11666666666666667 animmotion 38.62 0.0 0
0.13333333333333333 animmotion 45.03 0.0 0
0.15 animmotion 51.03 0.0 0
0.16666666666666666 animmotion 56.68 0.0 0
0.18333333333333332 animmotion 62.02 0.0 0
0.2 animmotion 67.11 0.0 0
0.21666666666666667 animmotion 71.97 0.0 0
0.23333333333333334 animmotion 76.64 0.0 0
0.25 animmotion 81.15 0.0 0
0.26666666666666666 animmotion 85.53 0.0 0
0.2833333333333333 animmotion 89.82 0.0 0
0.3 animmotion 94.06 0.0 0
0.31666666666666665 animmotion 98.27 0.0 0
0.3333333333333333 animmotion 102.49 0.0 0
0.35 animmotion 106.75 0.0 0
0.36666666666666664 animmotion 111.1 0.0 0
0.38333333333333336 animmotion 115.55 0.0 0
0.4 animmotion 120.15 0.0 0
0.4166666666666667 animmotion 124.92 0.0 0
0.43333333333333335 animmotion 129.91 0.0 0
0.45 animmotion 135.13 0.0 0
0.4666666666666667 animmotion 140.51 0.0 0
0.48333333333333334 animmotion 145.97 0.0 0
0.5 animmotion 151.43 0.0 0
0.5166666666666667 animmotion 156.8 0.0 0
0.5333333333333333 animmotion 162.0 0.0 0
0.55 animmotion 166.96 0.0 0
0.5666666666666667 animmotion 171.68 0.0 0
0.5833333333333334 animmotion 176.15 0.0 0
0.6 animmotion 180.38 0.0 0
0.6166666666666667 animmotion 184.38 0.0 0
0.6333333333333333 animmotion 188.13 0.0 0
0.65 animmotion 191.66 0.0 0
0.6666666666666666 animmotion 194.95 0.0 0
0.6833333333333333 animmotion 198.02 0.0 0
0.7 animmotion 200.87 0.0 0
0.7166666666666667 animmotion 203.5 0.0 0
0.7333333333333333 animmotion 205.92 0.0 0
0.75 animmotion 208.12 0.0 0
0.7666666666666667 animmotion 210.12 0.0 0
0.7833333333333333 animmotion 211.9 0.0 0
0.8 animmotion 213.49 0.0 0
0.8166666666666667 animmotion 214.88 0.0 0
0.8333333333333334 animmotion 216.07 0.0 0
0.85 animmotion 217.07 0.0 0
0.8666666666666667 animmotion 217.88 0.0 0
0.8833333333333333 animmotion 218.5 0.0 0
0.9 animmotion 218.94 0.0 0
0.9166666666666666 animmotion 219.21 0.0 0
0.9333333333333333 animmotion 219.29 0.0 0
