0.06 PIE.@SGVF|MCO_AttackSpeed|1.0
0.06 PIE.@SGVI|MCO_NextAttack|1
0.06 PIE.@SGVI|MCO_NextPowerAttack|1
0.06666666666666667 CastOKStart
0.1 preHitFrame
0.6666666666666666 FootScuffLeft
0.75 Collision_AttackStart
0.7833333333333333 SoundPlay.WPNUnarmedSwing
0.7833333333333333 Collision_Add.Node(NPC R Thigh [RThg])|ID(1)|Scale(2.0)
0.7833333333333333 Collision_Add.Node(NPC R Calf [RClf])|ID(1)|Scale(2.0)
0.7833333333333333 Collision_Add.Node(NPC R Foot [Rft ])|ID(1)|Scale(3)|RadiusMult(2)
0.8166666666666667 PIE.$Fist_Hit
0.8166666666666667 PIE.$HitRight
0.8166666666666667 HitFrame
0.8833333333333333 Collision_AttackEnd
0.9333333333333333 FootScuffRight
1.05 MCO_WinOpen
1.05 MCO_PowerWinOpen
1.3333333333333333 FootScuffRight
1.3833333333333333 MCO_WinClose
1.3833333333333333 MCO_PowerWinClose
1.3833333333333333 MCO_Recovery
0.0 animmotion 0.0 0.0 0
0.016666666666666666 animmotion -0.51 0.0 0
0.03333333333333333 animmotion -1.97 0.0 0
0.05 animmotion -4.3 0.0 0
0.06666666666666667 animmotion -7.41 0.0 0
0.08333333333333333 animmotion -11.2 0.0 0
0.1 animmotion -15.6 0.0 0
0.11666666666666667 animmotion -20.5 0.0 0
0.13333333333333333 animmotion -25.81 0.0 0
0.15 animmotion -31.46 0.0 0
0.16666666666666666 animmotion -37.35 0.0 0
0.18333333333333332 animmotion -43.38 0.0 0
0.2 animmotion -49.47 0.0 0
0.21666666666666667 animmotion -55.54 0.0 0
0.23333333333333334 animmotion -61.48 0.0 0
0.25 animmotion -67.22 0.0 0
0.26666666666666666 animmotion -72.65 0.0 0
0.2833333333333333 animmotion -77.72 0.0 0
0.3 animmotion -82.43 0.0 0
0.31666666666666665 animmotion -86.83 0.0 0
0.3333333333333333 animmotion -90.94 0.0 0
0.35 animmotion -94.8 0.0 0
0.36666666666666664 animmotion -98.44 0.0 0
0.38333333333333336 animmotion -101.91 0.0 0
0.4 animmotion -105.2 0.0 0
0.4166666666666667 animmotion -108.32 0.0 0
0.43333333333333335 animmotion -111.3 0.0 0
0.45 animmotion -114.12 0.0 0
0.4666666666666667 animmotion -116.81 0.0 0
0.48333333333333334 animmotion -119.37 0.0 0
0.5 animmotion -121.81 0.0 0
0.5166666666666667 animmotion -124.14 0.0 0
0.5333333333333333 animmotion -126.36 0.0 0
0.55 animmotion -128.49 0.0 0
0.5666666666666667 animmotion -130.52 0.0 0
0.5833333333333334 animmotion -132.46 0.0 0
0.6 animmotion -134.31 0.0 0
0.6166666666666667 animmotion -136.06 0.0 0
0.6333333333333333 animmotion -137.71 0.0 0
0.65 animmotion -139.28 0.0 0
0.6666666666666666 animmotion -140.75 0.0 0
0.6833333333333333 animmotion -142.13 0.0 0
0.7 animmotion -143.42 0.0 0
0.7166666666666667 animmotion -144.61 0.0 0
0.7333333333333333 animmotion -145.72 0.0 0
0.75 animmotion -146.73 0.0 0
0.7666666666666667 animmotion -147.66 0.0 0
0.7833333333333333 animmotion -148.49 0.0 0
0.8 animmotion -149.24 0.0 0
0.8166666666666667 animmotion -149.89 0.0 0
0.8333333333333334 animmotion -150.46 0.0 0
0.85 animmotion -150.94 0.0 0
0.8666666666666667 animmotion -151.33 0.0 0
0.8833333333333333 animmotion -151.63 0.0 0
0.9 animmotion -151.85 0.0 0
0.9166666666666666 animmotion -151.98 0.0 0
0.9333333333333333 animmotion -152.02 0.0 0
0.95 animmotion -151.4 0.0 0
0.9666666666666667 animmotion -149.8 0.0 0
0.9833333333333333 animmotion -147.6 0.0 0
1.0 animmotion -145.21 0.0 0
1.0166666666666666 animmotion -143.02 0.0 0
1.0333333333333334 animmotion -141.42 0.0 0
1.05 animmotion -140.8 0.0 0
