0.06 PIE.@SGVF|MCO_AttackSpeed|1.0
0.06 PIE.@SGVI|MCO_NextAttack|2
0.06 PIE.@SGVI|MCO_NextPowerAttack|2
0.06666666666666667 CastOKStart
0.1 preHitFrame
0.4166666666666667 PIE.$HitLeft
0.43333333333333335 weaponSwing
0.5333333333333333 HitFrame
0.7666666666666667 MCO_WinOpen
0.7666666666666667 MCO_PowerWinOpen
0.8666666666666667 FootScuffRight
1.1 MCO_WinClose
1.1 MCO_PowerWinClose
1.1 MCO_Recovery
1.4 FootScuffLeft
0.0 animmotion 0.0 0.0 0
0.016666666666666666 animmotion 0.67 0.6 0
0.03333333333333333 animmotion 2.55 2.28 0
0.05 animmotion 5.5 4.86 0
0.06666666666666667 animmotion 9.35 8.15 0
0.08333333333333333 animmotion 13.93 11.99 0
0.1 animmotion 19.08 16.18 0
0.11666666666666667 animmotion 24.65 20.56 0
0.13333333333333333 animmotion 30.47 24.94 0
0.15 animmotion 36.37 29.13 0
0.16666666666666666 animmotion 42.2 32.97 0
0.18333333333333332 animmotion 47.79 36.27 0
0.2 animmotion 52.98 38.84 0
0.21666666666666667 animmotion 57.61 40.52 0
0.23333333333333334 animmotion 61.52 41.12 0
0.25 animmotion 64.59 41.12 0
0.26666666666666666 animmotion 66.92 41.12 0
0.2833333333333333 animmotion 68.64 41.12 0
0.3 animmotion 69.9 41.12 0
0.31666666666666665 animmotion 70.83 41.12 0
0.3333333333333333 animmotion 71.58 41.12 0
0.35 animmotion 72.29 41.12 0
0.36666666666666664 animmotion 73.09 41.12 0
0.38333333333333336 animmotion 74.14 41.12 0
0.4 animmotion 75.56 41.12 0
0.4166666666666667 animmotion 77.46 41.12 0
0.43333333333333335 animmotion 79.79 41.12 0
0.45 animmotion 82.44 41.12 0
0.4666666666666667 animmotion 85.32 41.12 0
0.48333333333333334 animmotion 88.34 41.12 0
0.5 animmotion 91.39 41.12 0
0.5166666666666667 animmotion 94.38 41.12 0
0.5333333333333333 animmotion 97.22 41.12 0
0.55 animmotion 99.82 41.12 0
0.5666666666666667 animmotion 102.18 41.12 0
0.5833333333333334 animmotion 104.33 41.12 0
0.6 animmotion 106.29 41.12 0
0.6166666666666667 animmotion 108.06 41.12 0
0.6333333333333333 animmotion 109.67 41.12 0
0.65 animmotion 111.14 41.12 0
0.6666666666666666 animmotion 112.49 41.12 0
0.6833333333333333 animmotion 113.73 41.12 0
0.7 animmotion 114.88 41.12 0
0.7166666666666667 animmotion 115.96 41.12 0
0.7333333333333333 animmotion 116.99 41.12 0
0.75 animmotion 117.99 41.12 0
0.7666666666666667 animmotion 118.98 41.12 0
0.7833333333333333 animmotion 119.97 41.12 0
0.8 animmotion 120.98 41.12 0
0.8166666666666667 animmotion 122.03 41.12 0
0.8333333333333334 animmotion 123.14 41.12 0
0.85 animmotion 124.33 41.12 0
0.8666666666666667 animmotion 125.59 41.12 0
0.8833333333333333 animmotion 126.91 41.12 0
0.9 animmotion 128.29 41.12 0
0.9166666666666666 animmotion 129.72 41.12 0
0.9333333333333333 animmotion 131.2 41.12 0
0.95 animmotion 132.72 41.12 0
0.9666666666666667 animmotion 134.27 41.12 0
0.9833333333333333 animmotion 135.84 41.12 0
1.0 animmotion 137.43 41.12 0
1.0166666666666666 animmotion 139.04 41.12 0
1.0333333333333334 animmotion 140.64 41.12 0
1.05 animmotion 142.23 41.12 0
1.0666666666666667 animmotion 143.8 41.12 0
1.0833333333333333 animmotion 145.32 41.12 0
1.1 animmotion 146.8 41.12 0
1.1166666666666667 animmotion 148.21 41.12 0
1.1333333333333333 animmotion 149.54 41.12 0
1.15 animmotion 150.78 41.12 0
1.1666666666666667 animmotion 151.92 41.12 0
1.1833333333333333 animmotion 152.95 41.12 0
1.2 animmotion 153.87 41.12 0
1.2166666666666666 animmotion 154.68 41.12 0
1.2333333333333334 animmotion 155.39 41.12 0
1.25 animmotion 156.01 41.12 0
1.2666666666666666 animmotion 156.54 41.12 0
1.2833333333333334 animmotion 156.99 41.12 0
1.3 animmotion 157.36 41.12 0
1.3166666666666667 animmotion 157.66 41.12 0
1.3333333333333333 animmotion 157.89 41.12 0
1.35 animmotion 158.07 41.12 0
1.3666666666666667 animmotion 158.18 41.12 0
1.3833333333333333 animmotion 158.25 41.12 0
1.4 animmotion 158.27 41.12 0
