0.0 PIE.@SGVF|MCO_AttackSpeed|1.0
0.0 PIE.@SGVI|MCO_NextAttack|6
0.0 PIE.@SGVI|MCO_NextPowerAttack|6
0.016666666666666666 FootScuffLeft
0.06666666666666667 CastOKStart
0.1 preHitFrame
0.16666666666666666 FootScuffRight
0.4 FootScuffLeft
0.57 PIE.$HitLeft
0.60 weaponSwing
0.6666666666666666 HitFrame
0.8333333333333334 FootScuffRight
1.0333333333333334 MCO_WinOpen
1.0333333333333334 MCO_PowerWinOpen
1.3666666666666667 MCO_WinClose
1.3666666666666667 MCO_PowerWinClose
1.3666666666666667 MCO_Recovery
1.4166666666666667 FootScuffLeft
1.7833333333333334 AttackStop
0.0 animmotion 0.0 0.0 0
0.016666666666666666 animmotion 0.0 2.06 0
0.03333333333333333 animmotion 0.0 7.83 0
0.05 animmotion 0.0 16.7 0
0.06666666666666667 animmotion 0.0 28.07 0
0.08333333333333333 animmotion 0.0 41.33 0
0.1 animmotion 0.0 55.88 0
0.11666666666666667 animmotion 0.0 71.1 0
0.13333333333333333 animmotion 0.0 86.4 0
0.15 animmotion 0.0 101.27 0
0.16666666666666666 animmotion 0.0 115.62 0
0.18333333333333332 animmotion 0.0 129.47 0
0.2 animmotion 0.0 142.83 0
0.21666666666666667 animmotion 0.0 155.71 0
0.23333333333333334 animmotion 0.0 168.13 0
0.25 animmotion 0.0 180.11 0
0.26666666666666666 animmotion 0.0 191.66 0
0.2833333333333333 animmotion 0.0 202.78 0
0.3 animmotion 0.0 213.51 0
0.31666666666666665 animmotion 0.0 223.85 0
0.3333333333333333 animmotion 0.0 233.82 0
0.35 animmotion 0.0 243.43 0
0.36666666666666664 animmotion 0.0 252.7 0
0.38333333333333336 animmotion 0.0 261.64 0
0.4 animmotion 0.0 270.27 0
0.4166666666666667 animmotion 0.0 278.6 0
0.43333333333333335 animmotion 0.0 286.64 0
0.45 animmotion 0.0 294.42 0
0.4666666666666667 animmotion 0.0 301.94 0
0.48333333333333334 animmotion 0.0 309.22 0
0.5 animmotion 0.0 316.27 0
0.5166666666666667 animmotion 0.0 323.11 0
0.5333333333333333 animmotion 0.0 329.76 0
0.55 animmotion 0.0 336.22 0
0.5666666666666667 animmotion 0.0 342.52 0
0.5833333333333334 animmotion 0.0 348.67 0
0.6 animmotion 0.0 354.68 0
0.6166666666666667 animmotion 0.0 360.56 0
0.6333333333333333 animmotion 0.0 366.34 0
0.65 animmotion 0.0 372.03 0
0.6666666666666666 animmotion 0.0 377.65 0
0.6833333333333333 animmotion 0.0 383.2 0
0.7 animmotion 0.0 388.66 0
0.7166666666666667 animmotion 0.0 394.0 0
0.7333333333333333 animmotion 0.0 399.17 0
0.75 animmotion 0.0 404.14 0
0.7666666666666667 animmotion 0.0 408.89 0
0.7833333333333333 animmotion 0.0 413.36 0
0.8 animmotion 0.0 417.53 0
0.8166666666666667 animmotion 0.0 421.37 0
0.8333333333333334 animmotion 0.0 424.83 0
0.85 animmotion 0.0 427.89 0
0.8666666666666667 animmotion 0.0 430.5 0
0.8833333333333333 animmotion 0.0 432.66 0
0.9 animmotion 0.0 434.4 0
0.9166666666666666 animmotion 0.0 435.81 0
0.9333333333333333 animmotion 0.0 436.94 0
0.95 animmotion 0.0 437.88 0
0.9666666666666667 animmotion 0.0 438.68 0
0.9833333333333333 animmotion 0.0 439.42 0
1.0 animmotion 0.0 440.17 0
1.0166666666666666 animmotion 0.0 441.0 0
1.0333333333333334 animmotion 0.0 441.97 0
1.05 animmotion 0.0 443.14 0
1.0666666666666667 animmotion 0.0 444.51 0
1.0833333333333333 animmotion 0.0 446.06 0
1.1 animmotion 0.0 447.76 0
1.1166666666666667 animmotion 0.0 449.61 0
1.1333333333333333 animmotion 0.0 451.57 0
1.15 animmotion 0.0 453.64 0
1.1666666666666667 animmotion 0.0 455.78 0
1.1833333333333333 animmotion 0.0 458.0 0
1.2 animmotion 0.0 460.25 0
1.2166666666666666 animmotion 0.0 462.53 0
1.2333333333333334 animmotion 0.0 464.82 0
1.25 animmotion 0.0 467.09 0
1.2666666666666666 animmotion 0.0 469.33 0
1.2833333333333334 animmotion 0.0 471.52 0
1.3 animmotion 0.0 473.66 0
1.3166666666666667 animmotion 0.0 475.73 0
1.3333333333333333 animmotion 0.0 477.75 0
1.35 animmotion 0.0 479.69 0
1.3666666666666667 animmotion 0.0 481.56 0
1.3833333333333333 animmotion 0.0 483.35 0
1.4 animmotion 0.0 485.06 0
1.4166666666666667 animmotion 0.0 486.68 0
1.4333333333333333 animmotion 0.0 488.21 0
1.45 animmotion 0.0 489.64 0
1.4666666666666666 animmotion 0.0 490.97 0
1.4833333333333334 animmotion 0.0 492.2 0
1.5 animmotion 0.0 493.31 0
1.5166666666666666 animmotion 0.0 494.31 0
1.5333333333333334 animmotion 0.0 495.2 0
1.55 animmotion 0.0 495.96 0
1.5666666666666667 animmotion 0.0 496.59 0
1.5833333333333333 animmotion 0.0 497.09 0
1.6 animmotion 0.0 497.45 0
1.6166666666666667 animmotion 0.0 497.67 0
1.6333333333333333 animmotion 0.0 497.74 0
