0.06 PIE.@SGVF|MCO_AttackSpeed|1.0
0.06 PIE.@SGVI|MCO_NextAttack|6
0.06 PIE.@SGVI|MCO_NextPowerAttack|6
0.06666666666666667 CastOKStart
0.1 preHitFrame
0.1 FootScuffLeft
0.6 FootScuffRight
0.6166666666666667 PIE.$HitRight
0.6333333333333333 weaponSwing
0.6333333333333333 weaponLeftSwing
0.7 HitFrame
0.7 HitFrame
0.9 PIE.$Layer_2
0.9333333333333333 MCO_WinOpen
0.9333333333333333 MCO_PowerWinOpen
1.2666666666666666 MCO_WinClose
1.2666666666666666 MCO_PowerWinClose
1.2666666666666666 MCO_Recovery
1.3 FootScuffLeft
1.6666666666666667 FootScuffRight
1.8666666666666667 AttackStop
0.0 animmotion 0.0 0.0 0
0.016666666666666666 animmotion -0.91 0.0 0
0.03333333333333333 animmotion -3.46 0.0 0
0.05 animmotion -7.43 0.0 0
0.06666666666666667 animmotion -12.55 0.0 0
0.08333333333333333 animmotion -18.6 0.0 0
0.1 animmotion -25.31 0.0 0
0.11666666666666667 animmotion -32.46 0.0 0
0.13333333333333333 animmotion -39.8 0.0 0
0.15 animmotion -47.08 0.0 0
0.16666666666666666 animmotion -54.06 0.0 0
0.18333333333333332 animmotion -60.53 0.0 0
0.2 animmotion -66.48 0.0 0
0.21666666666666667 animmotion -71.9 0.0 0
0.23333333333333334 animmotion -76.82 0.0 0
0.25 animmotion -81.24 0.0 0
0.26666666666666666 animmotion -85.18 0.0 0
0.2833333333333333 animmotion -88.66 0.0 0
0.3 animmotion -91.67 0.0 0
0.31666666666666665 animmotion -94.25 0.0 0
0.3333333333333333 animmotion -96.39 0.0 0
0.35 animmotion -98.11 0.0 0
0.36666666666666664 animmotion -99.43 0.0 0
0.38333333333333336 animmotion -100.36 0.0 0
0.4 animmotion -100.91 0.0 0
0.4166666666666667 animmotion -101.09 0.0 0
0.43333333333333335 animmotion -100.86 0.24 0
0.45 animmotion -100.2 0.92 0
0.4666666666666667 animmotion -99.15 2.0 0
0.48333333333333334 animmotion -97.76 3.44 0
0.5 animmotion -96.05 5.19 0
0.5166666666666667 animmotion -94.08 7.22 0
0.5333333333333333 animmotion -91.89 9.49 0
0.55 animmotion -89.51 11.94 0
0.5666666666666667 animmotion -86.99 14.54 0
0.5833333333333334 animmotion -84.36 17.25 0
0.6 animmotion -81.67 20.02 0
0.6166666666666667 animmotion -78.97 22.81 0
0.6333333333333333 animmotion -76.28 25.58 0
0.65 animmotion -73.66 28.29 0
0.6666666666666666 animmotion -71.13 30.89 0
0.6833333333333333 animmotion -68.75 33.34 0
0.7 animmotion -66.56 35.6 0
0.7166666666666667 animmotion -64.59 37.63 0
0.7333333333333333 animmotion -62.89 39.39 0
0.75 animmotion -61.49 40.83 0
0.7666666666666667 animmotion -60.44 41.91 0
0.7833333333333333 animmotion -59.78 42.59 0
0.8 animmotion -59.55 42.83 0
