0.06 PIE.@SGVF|MCO_AttackSpeed|1.0
0.06 PIE.@SGVI|MCO_NextAttack|6
0.06 PIE.@SGVI|MCO_NextPowerAttack|7
0.06666666666666667 CastOKStart
0.1 preHitFrame
0.26666666666666666 FootScuffLeft
0.75 PIE.$HitLeft
0.7666666666666667 weaponSwing
0.7833333333333333 FootScuffRight
0.8333333333333334 HitFrame
0.9166666666666666 PIE.@CAMSHAKE|1.0|0.2
1.1333333333333333 MCO_WinOpen
1.1333333333333333 MCO_PowerWinOpen
1.4666666666666666 MCO_WinClose
1.4666666666666666 MCO_PowerWinClose
1.4666666666666666 MCO_Recovery
1.55 FootScuffLeft
0.0 animmotion 0.0 0.0 0
0.016666666666666666 animmotion 0.12 0.01 0
0.03333333333333333 animmotion 0.48 0.06 0
0.05 animmotion 1.07 0.12 0
0.06666666666666667 animmotion 1.87 0.22 0
0.08333333333333333 animmotion 2.88 0.34 0
0.1 animmotion 4.09 0.49 0
0.11666666666666667 animmotion 5.48 0.66 0
0.13333333333333333 animmotion 7.05 0.86 0
0.15 animmotion 8.78 1.08 0
0.16666666666666666 animmotion 10.67 1.32 0
0.18333333333333332 animmotion 12.7 1.59 0
0.2 animmotion 14.87 1.88 0
0.21666666666666667 animmotion 17.16 2.19 0
0.23333333333333334 animmotion 19.57 2.52 0
0.25 animmotion 22.08 2.88 0
0.26666666666666666 animmotion 24.69 3.25 0
0.2833333333333333 animmotion 27.37 3.65 0
0.3 animmotion 30.13 4.06 0
0.31666666666666665 animmotion 32.96 4.49 0
0.3333333333333333 animmotion 35.83 4.95 0
0.35 animmotion 38.75 5.42 0
0.36666666666666664 animmotion 41.7 5.9 0
0.38333333333333336 animmotion 44.67 6.41 0
0.4 animmotion 47.66 6.93 0
0.4166666666666667 animmotion 50.64 7.47 0
0.43333333333333335 animmotion 53.63 8.02 0
0.45 animmotion 56.61 8.59 0
0.4666666666666667 animmotion 59.58 9.17 0
0.48333333333333334 animmotion 62.54 9.77 0
0.5 animmotion 65.49 10.38 0
0.5166666666666667 animmotion 68.42 11.0 0
0.5333333333333333 animmotion 71.33 11.64 0
0.55 animmotion 74.22 12.29 0
0.5666666666666667 animmotion 77.09 12.95 0
0.5833333333333334 animmotion 79.93 13.62 0
0.6 animmotion 82.73 14.3 0
0.6166666666666667 animmotion 85.51 14.99 0
0.6333333333333333 animmotion 88.24 15.69 0
0.65 animmotion 90.94 16.41 0
0.6666666666666666 animmotion 93.59 17.12 0
0.6833333333333333 animmotion 96.2 17.85 0
0.7 animmotion 98.76 18.59 0
0.7166666666666667 animmotion 101.27 19.33 0
0.7333333333333333 animmotion 103.73 20.08 0
0.75 animmotion 106.13 20.83 0
0.7666666666666667 animmotion 108.47 21.59 0
0.7833333333333333 animmotion 110.74 22.36 0
0.8 animmotion 112.95 23.13 0
0.8166666666666667 animmotion 115.09 23.9 0
0.8333333333333334 animmotion 117.17 24.68 0
0.85 animmotion 119.16 25.46 0
0.8666666666666667 animmotion 121.08 26.24 0
0.8833333333333333 animmotion 122.92 27.03 0
0.9 animmotion 124.67 27.81 0
0.9166666666666666 animmotion 126.34 28.6 0
0.9333333333333333 animmotion 127.92 29.39 0
0.95 animmotion 129.41 30.18 0
0.9666666666666667 animmotion 130.81 30.97 0
0.9833333333333333 animmotion 132.1 31.76 0
1.0 animmotion 133.3 32.54 0
1.0166666666666666 animmotion 134.41 33.32 0
1.0333333333333334 animmotion 135.45 34.1 0
1.05 animmotion 136.42 34.88 0
1.0666666666666667 animmotion 137.34 35.65 0
1.0833333333333333 animmotion 138.22 36.41 0
1.1 animmotion 139.08 37.16 0
1.1166666666666667 animmotion 139.92 37.91 0
1.1333333333333333 animmotion 140.75 38.63 0
1.15 animmotion 141.54 39.32 0
1.1666666666666667 animmotion 142.29 39.96 0
1.1833333333333333 animmotion 143.0 40.55 0
1.2 animmotion 143.65 41.07 0
1.2166666666666666 animmotion 144.24 41.52 0
1.2333333333333334 animmotion 144.77 41.89 0
1.25 animmotion 145.24 42.21 0
1.2666666666666666 animmotion 145.66 42.49 0
1.2833333333333334 animmotion 146.03 42.73 0
1.3 animmotion 146.35 42.95 0
1.3166666666666667 animmotion 146.62 43.16 0
1.3333333333333333 animmotion 146.85 43.37 0
1.35 animmotion 147.04 43.58 0
1.3666666666666667 animmotion 147.2 43.83 0
1.3833333333333333 animmotion 147.32 44.11 0
1.4 animmotion 147.42 44.43 0
1.4166666666666667 animmotion 147.49 44.81 0
1.4333333333333333 animmotion 147.53 45.26 0
1.45 animmotion 147.56 45.79 0
1.4666666666666666 animmotion 147.56 46.41 0
1.4833333333333334 animmotion 147.56 47.14 0
1.5 animmotion 147.56 48.01 0
1.5166666666666666 animmotion 147.56 49.0 0
1.5333333333333334 animmotion 147.56 50.12 0
1.55 animmotion 147.56 51.33 0
1.5666666666666667 animmotion 147.56 52.64 0
1.5833333333333333 animmotion 147.56 54.02 0
1.6 animmotion 147.56 55.47 0
1.6166666666666667 animmotion 147.56 56.95 0
1.6333333333333333 animmotion 147.56 58.47 0
1.65 animmotion 147.56 60.01 0
1.6666666666666667 animmotion 147.56 61.56 0
1.6833333333333333 animmotion 147.56 63.09 0
1.7 animmotion 147.56 64.59 0
1.7166666666666666 animmotion 147.56 66.06 0
1.7333333333333334 animmotion 147.56 67.48 0
1.75 animmotion 147.56 68.82 0
1.7666666666666666 animmotion 147.56 70.09 0
1.7833333333333334 animmotion 147.56 71.26 0
1.8 animmotion 147.56 72.32 0
1.8166666666666667 animmotion 147.56 73.26 0
1.8333333333333333 animmotion 147.56 74.06 0
1.85 animmotion 147.56 74.7 0
1.8666666666666667 animmotion 147.56 75.18 0
1.8833333333333333 animmotion 147.56 75.48 0
1.9 animmotion 147.56 75.58 0
