0.06 PIE.@SGVF|MCO_AttackSpeed|1.0
0.06 PIE.@SGVI|MCO_NextAttack|5
0.06 PIE.@SGVI|MCO_NextPowerAttack|5
0.06666666666666667 CastOKStart
0.1 preHitFrame
0.23333333333333334 FootScuffLeft
0.5666666666666667 FootScuffRight
0.6666666666666666 weaponSwing
0.75 HitFrame
0.75 PIE.$HitLeft
0.9333333333333333 FootScuffLeft
1.0666666666666667 MCO_WinOpen
1.0666666666666667 MCO_PowerWinOpen
1.4 MCO_WinClose
1.4 MCO_PowerWinClose
1.4 MCO_Recovery
1.7 FootScuffRight
0.0 animmotion 0.0 0.0 0
0.016666666666666666 animmotion 0.13 0.0 0
0.03333333333333333 animmotion 0.5 0.0 0
0.05 animmotion 1.1 0.0 0
0.06666666666666667 animmotion 1.92 0.0 0
0.08333333333333333 animmotion 2.93 0.0 0
0.1 animmotion 4.13 0.0 0
0.11666666666666667 animmotion 5.5 0.0 0
0.13333333333333333 animmotion 7.03 0.0 0
0.15 animmotion 8.69 0.0 0
0.16666666666666666 animmotion 10.48 0.0 0
0.18333333333333332 animmotion 12.38 0.0 0
0.2 animmotion 14.37 0.0 0
0.21666666666666667 animmotion 16.44 0.0 0
0.23333333333333334 animmotion 18.58 0.0 0
0.25 animmotion 20.77 0.0 0
0.26666666666666666 animmotion 22.99 0.0 0
0.2833333333333333 animmotion 25.23 0.0 0
0.3 animmotion 27.51 0.0 0
0.31666666666666665 animmotion 29.84 0.0 0
0.3333333333333333 animmotion 32.24 0.0 0
0.35 animmotion 34.72 0.0 0
0.36666666666666664 animmotion 37.3 0.0 0
0.38333333333333336 animmotion 40.0 0.0 0
0.4 animmotion 42.83 0.0 0
0.4166666666666667 animmotion 45.8 0.0 0
0.43333333333333335 animmotion 48.94 0.0 0
0.45 animmotion 52.26 0.0 0
0.4666666666666667 animmotion 55.76 0.48 0
0.48333333333333334 animmotion 59.42 1.82 0
0.5 animmotion 63.18 3.9 0
0.5166666666666667 animmotion 67.02 6.58 0
0.5333333333333333 animmotion 70.88 9.73 0
0.55 animmotion 74.73 13.21 0
0.5666666666666667 animmotion 78.52 16.89 0
0.5833333333333334 animmotion 82.21 20.64 0
0.6 animmotion 85.76 24.32 0
0.6166666666666667 animmotion 89.12 27.8 0
0.6333333333333333 animmotion 92.26 30.94 0
0.65 animmotion 95.12 33.62 0
0.6666666666666666 animmotion 97.68 35.7 0
0.6833333333333333 animmotion 99.88 37.05 0
0.7 animmotion 101.69 37.53 0
0.7166666666666667 animmotion 103.08 37.53 0
0.7333333333333333 animmotion 104.14 37.53 0
0.75 animmotion 104.97 37.53 0
0.7666666666666667 animmotion 105.66 37.53 0
0.7833333333333333 animmotion 106.33 37.53 0
0.8 animmotion 107.07 37.53 0
0.8166666666666667 animmotion 107.97 37.62 0
0.8333333333333334 animmotion 109.03 37.88 0
0.85 animmotion 110.26 38.3 0
0.8666666666666667 animmotion 111.62 38.86 0
0.8833333333333333 animmotion 113.13 39.55 0
0.9 animmotion 114.76 40.35 0
0.9166666666666666 animmotion 116.51 41.24 0
0.9333333333333333 animmotion 118.37 42.21 0
0.95 animmotion 120.33 43.24 0
0.9666666666666667 animmotion 122.37 44.32 0
0.9833333333333333 animmotion 124.49 45.43 0
1.0 animmotion 126.68 46.56 0
1.0166666666666666 animmotion 128.93 47.69 0
1.0333333333333334 animmotion 131.22 48.8 0
1.05 animmotion 133.55 49.88 0
1.0666666666666667 animmotion 135.92 50.91 0
1.0833333333333333 animmotion 138.3 51.88 0
1.1 animmotion 140.69 52.77 0
1.1166666666666667 animmotion 143.07 53.57 0
1.1333333333333333 animmotion 145.45 54.25 0
1.15 animmotion 147.81 54.81 0
1.1666666666666667 animmotion 150.13 55.24 0
1.1833333333333333 animmotion 152.42 55.5 0
1.2 animmotion 154.65 55.59 0
1.2166666666666666 animmotion 156.83 55.59 0
1.2333333333333334 animmotion 158.94 55.57 0
1.25 animmotion 160.99 55.53 0
1.2666666666666666 animmotion 162.97 55.45 0
1.2833333333333334 animmotion 164.89 55.32 0
1.3 animmotion 166.74 55.13 0
1.3166666666666667 animmotion 168.52 54.86 0
1.3333333333333333 animmotion 170.23 54.49 0
1.35 animmotion 171.86 54.03 0
1.3666666666666667 animmotion 173.42 53.45 0
1.3833333333333333 animmotion 174.9 52.74 0
1.4 animmotion 176.3 51.85 0
1.4166666666666667 animmotion 177.63 50.76 0
1.4333333333333333 animmotion 178.87 49.49 0
1.45 animmotion 180.04 48.06 0
1.4666666666666666 animmotion 181.12 46.48 0
1.4833333333333334 animmotion 182.12 44.78 0
1.5 animmotion 183.04 42.97 0
1.5166666666666666 animmotion 183.87 41.08 0
1.5333333333333334 animmotion 184.62 39.12 0
1.55 animmotion 185.29 37.11 0
1.5666666666666667 animmotion 185.87 35.08 0
1.5833333333333333 animmotion 186.36 33.04 0
1.6 animmotion 186.76 31.01 0
1.6166666666666667 animmotion 187.08 29.01 0
1.6333333333333333 animmotion 187.3 27.07 0
1.65 animmotion 187.44 25.19 0
1.6666666666666667 animmotion 187.48 23.41 0
1.6833333333333333 animmotion 187.48 21.73 0
1.7 animmotion 187.48 20.17 0
1.7166666666666666 animmotion 187.48 18.71 0
1.7333333333333334 animmotion 187.48 17.38 0
1.75 animmotion 187.48 16.16 0
1.7666666666666666 animmotion 187.48 15.06 0
1.7833333333333334 animmotion 187.48 14.08 0
1.8 animmotion 187.48 13.23 0
1.8166666666666667 animmotion 187.48 12.5 0
1.8333333333333333 animmotion 187.48 11.9 0
1.85 animmotion 187.48 11.43 0
1.8666666666666667 animmotion 187.48 11.09 0
1.8833333333333333 animmotion 187.48 10.89 0
1.9 animmotion 187.48 10.82 0
