0.06 FootScuffLeft
0.06 PIE.@SGVF|MCO_AttackSpeed|1.0
0.06 PIE.@SGVI|MCO_NextAttack|2
0.06 PIE.@SGVI|MCO_NextPowerAttack|2
0.0 FH_Dodge
0.000000 Adjustment_On
1.000000 
0.03333333333333333 FootScuffRight
0.06666666666666667 CastOKStart
0.1 preHitFrame
0.22 PIE.$Layer_2
0.61 PIE.$Layer_2
0.23333333333333334 MCO_WinOpen
0.23333333333333334 MCO_PowerWinOpen
0.4 FootScuffLeft
0.55 FakeHit
0.7 FootScuffRight
0.9 MCO_WinClose
0.9 MCO_PowerWinClose
0.9 MCO_Recovery
0.0 animmotion 0.0 0.0 0
0.016666666666666666 animmotion 0.95 0.0 0
0.03333333333333333 animmotion 3.57 0.0 0
0.05 animmotion 7.55 0.0 0
0.06666666666666667 animmotion 12.53 0.0 0
0.08333333333333333 animmotion 18.2 0.0 0
0.1 animmotion 24.22 0.0 0
0.11666666666666667 animmotion 30.27 0.0 0
0.13333333333333333 animmotion 36.0 0.0 0
0.15 animmotion 41.17 0.0 0
0.16666666666666666 animmotion 45.87 0.0 0
0.18333333333333332 animmotion 50.24 0.0 0
0.2 animmotion 54.47 0.0 0
0.21666666666666667 animmotion 58.7 0.0 0
0.23333333333333334 animmotion 63.11 0.0 0
0.25 animmotion 67.82 0.0 0
0.26666666666666666 animmotion 72.83 0.0 0
0.2833333333333333 animmotion 78.1 0.0 0
0.3 animmotion 83.61 0.0 0
0.31666666666666665 animmotion 89.31 0.0 0
0.3333333333333333 animmotion 95.17 0.0 0
0.35 animmotion 101.17 0.0 0
0.36666666666666664 animmotion 107.25 0.0 0
0.38333333333333336 animmotion 113.4 0.0 0
0.4 animmotion 119.57 0.0 0
0.4166666666666667 animmotion 125.73 0.0 0
0.43333333333333335 animmotion 131.84 0.0 0
0.45 animmotion 137.87 0.0 0
0.4666666666666667 animmotion 143.79 0.0 0
0.48333333333333334 animmotion 149.57 0.0 0
0.5 animmotion 155.16 0.0 0
0.5166666666666667 animmotion 160.53 0.0 0
0.5333333333333333 animmotion 165.65 0.0 0
0.55 animmotion 170.48 0.0 0
0.5666666666666667 animmotion 174.99 0.0 0
0.5833333333333334 animmotion 179.16 0.0 0
0.6 animmotion 182.98 0.0 0
0.6166666666666667 animmotion 186.48 0.0 0
0.6333333333333333 animmotion 189.66 0.0 0
0.65 animmotion 192.55 0.0 0
0.6666666666666666 animmotion 195.14 0.0 0
0.6833333333333333 animmotion 197.47 0.0 0
0.7 animmotion 199.53 0.0 0
0.7166666666666667 animmotion 201.35 0.0 0
0.7333333333333333 animmotion 202.94 0.0 0
0.75 animmotion 204.32 0.0 0
0.7666666666666667 animmotion 205.49 0.0 0
0.7833333333333333 animmotion 206.47 0.0 0
0.8 animmotion 207.27 0.0 0
0.8166666666666667 animmotion 207.91 0.0 0
0.8333333333333334 animmotion 208.41 0.0 0
0.85 animmotion 208.77 0.0 0
0.8666666666666667 animmotion 209.01 0.0 0
0.8833333333333333 animmotion 209.14 0.0 0
0.9 animmotion 209.19 0.0 0
