0.06 PIE.@SGVF|MCO_AttackSpeed|1.0
0.06 PIE.@SGVI|MCO_NextAttack|2
0.06 PIE.@SGVI|MCO_NextPowerAttack|2
0.06666666666666667 CastOKStart
0.1 preHitFrame
0.3333333333333333 weaponSwing
0.4 HitFrame
0.6333333333333333 MCO_WinOpen
0.6333333333333333 MCO_PowerWinOpen
0.7333333333333333 FootScuffRight
0.9666666666666667 MCO_WinClose
0.9666666666666667 MCO_PowerWinClose
0.9666666666666667 MCO_Recovery
1.1666666666666667 FootScuffLeft
1.6 AttackStop
0.0 animmotion 0.0 0.0 0
0.016666666666666666 animmotion 0.0 0.03 0
0.03333333333333333 animmotion 0.0 0.11 0
0.05 animmotion 0.0 0.27 0
0.06666666666666667 animmotion 0.0 0.51 0
0.08333333333333333 animmotion 0.0 0.83 0
0.1 animmotion 0.0 1.24 0
0.11666666666666667 animmotion 0.0 1.76 0
0.13333333333333333 animmotion 0.0 2.4 0
0.15 animmotion 0.0 3.15 0
0.16666666666666666 animmotion 0.0 4.04 0
0.18333333333333332 animmotion 0.0 5.07 0
0.2 animmotion 0.0 6.24 0
0.21666666666666667 animmotion 0.0 7.55 0
0.23333333333333334 animmotion 0.0 9.02 0
0.25 animmotion 0.0 10.65 0
0.26666666666666666 animmotion 0.0 12.44 0
0.2833333333333333 animmotion 0.0 14.39 0
0.3 animmotion 0.0 16.51 0
0.31666666666666665 animmotion 0.0 18.8 0
0.3333333333333333 animmotion 0.0 21.27 0
0.35 animmotion 0.0 23.9 0
0.36666666666666664 animmotion 0.0 26.56 0
0.38333333333333336 animmotion 0.0 29.12 0
0.4 animmotion 0.0 31.42 0
0.4166666666666667 animmotion 0.0 33.35 0
0.43333333333333335 animmotion 0.0 34.92 0
0.45 animmotion 0.0 36.15 0
0.4666666666666667 animmotion 0.0 37.08 0
0.48333333333333334 animmotion 0.0 37.75 0
0.5 animmotion 0.0 38.18 0
0.5166666666666667 animmotion 0.0 38.42 0
0.5333333333333333 animmotion 0.0 38.49 0
