0.06 PIE.@SGVF|MCO_AttackSpeed|1.0
0.06 PIE.@SGVI|MCO_NextAttack|5
0.06 PIE.@SGVI|MCO_NextPowerAttack|7
0.06666666666666667 CastOKStart
0.1 preHitFrame
0.7166666666666667 weaponSwing
0.7166666666666667 PIE.$HitLeft
0.8 HitFrame
0.9 FootScuffRight
1.0 MCO_WinOpen
1.0 MCO_PowerWinOpen
1.3333333333333333 MCO_WinClose
1.3333333333333333 MCO_PowerWinClose
1.3333333333333333 MCO_Recovery
1.7333333333333334 FootScuffLeft
0.0 animmotion 0.0 0.0 0
0.43333333333333335 animmotion 0.0 0.0 0
0.45 animmotion 0.0 0.1 0
0.4666666666666667 animmotion 0.0 0.44 0
0.48333333333333334 animmotion 0.0 1.05 0
0.5 animmotion 0.0 1.98 0
0.5166666666666667 animmotion 0.0 3.25 0
0.5333333333333333 animmotion 0.0 4.92 0
0.55 animmotion 0.0 7.02 0
0.5666666666666667 animmotion 0.0 9.59 0
0.5833333333333334 animmotion 0.0 12.67 0
0.6 animmotion 0.0 16.3 0
0.6166666666666667 animmotion 0.0 20.52 0
0.6333333333333333 animmotion 0.0 25.37 0
0.65 animmotion 0.0 30.85 0
0.6666666666666666 animmotion 0.0 36.88 0
0.6833333333333333 animmotion 0.0 43.31 0
0.7 animmotion 0.0 50.03 0
0.7166666666666667 animmotion 0.0 56.91 0
0.7333333333333333 animmotion 0.0 63.81 0
0.75 animmotion 0.0 70.61 0
0.7666666666666667 animmotion 0.0 77.18 0
0.7833333333333333 animmotion 0.0 83.36 0
0.8 animmotion 0.0 88.86 0
0.8166666666666667 animmotion 0.0 93.34 0
0.8333333333333334 animmotion 0.0 96.5 0
0.85 animmotion 0.0 98.59 0
0.8666666666666667 animmotion 0.0 100.16 0
0.8833333333333333 animmotion 0.0 101.29 0
0.9 animmotion 0.0 102.05 0
0.9166666666666666 animmotion 0.0 102.5 0
0.9333333333333333 animmotion 0.0 102.74 0
0.95 animmotion 0.0 102.83 0
1.1666666666666667 animmotion 0.0 102.84 0
1.1833333333333333 animmotion 0.0 103.0 0
1.2 animmotion 0.0 103.48 0
1.2166666666666666 animmotion 0.0 104.27 0
1.2333333333333334 animmotion 0.0 105.33 0
1.25 animmotion 0.0 106.65 0
1.2666666666666666 animmotion 0.0 108.22 0
1.2833333333333334 animmotion 0.0 110.01 0
1.3 animmotion 0.0 112.0 0
1.3166666666666667 animmotion 0.0 114.19 0
1.3333333333333333 animmotion 0.0 116.54 0
1.35 animmotion 0.0 119.04 0
1.3666666666666667 animmotion 0.0 121.68 0
1.3833333333333333 animmotion 0.0 124.43 0
1.4 animmotion 0.0 127.27 0
1.4166666666666667 animmotion 0.0 130.19 0
1.4333333333333333 animmotion 0.0 133.17 0
1.45 animmotion 0.0 136.19 0
1.4666666666666666 animmotion 0.0 139.23 0
1.4833333333333334 animmotion 0.0 142.27 0
1.5 animmotion 0.0 145.29 0
1.5166666666666666 animmotion 0.0 148.28 0
1.5333333333333334 animmotion 0.0 151.2 0
1.55 animmotion 0.0 154.01 0
1.5666666666666667 animmotion 0.0 156.69 0
1.5833333333333333 animmotion 0.0 159.2 0
1.6 animmotion 0.0 161.5 0
1.6166666666666667 animmotion 0.0 163.56 0
1.6333333333333333 animmotion 0.0 165.35 0
1.65 animmotion 0.0 166.87 0
1.6666666666666667 animmotion 0.0 168.11 0
1.6833333333333333 animmotion 0.0 169.08 0
1.7 animmotion 0.0 169.77 0
1.7166666666666666 animmotion 0.0 170.19 0
1.7333333333333334 animmotion 0.0 170.33 0
