0.0 PIE.@SGVF|MCO_AttackSpeed|1.0
0.0 PIE.@SGVI|MCO_NextAttack|10
0.0 PIE.@SGVI|MCO_NextPowerAttack|7
0.23333333333333334 FootScuffRight
0.5 Collision_AttackStart
0.5333333333333333 SoundPlay.WPNSwingFx
0.6166666666666667 Collision_Add.Node(NPC R UpperArm [RUar])|Scale(3.0)|NoTrail
0.6166666666666667 Collision_Add.Node(NPC R Forearm [RLar])|Scale(3.0)|NoTrail
0.6166666666666667 Collision_Add.Node(NPC R Hand [RHnd])|ID(1)|Scale(3)|NoTrail|LengthMult(3)
0.6166666666666667 PIE.$Fist_Hit
0.6166666666666667 PIE.$HitRight_Trigger
0.6166666666666667 HitFrame
0.6333333333333333 FootScuffLeft
0.6833333333333333 Collision_AttackEnd
0.9333333333333333 MCO_WinOpen
0.9333333333333333 MCO_PowerWinOpen
0.9666666666666667 FootScuffRight
1.2666666666666666 MCO_WinClose
1.2666666666666666 MCO_PowerWinClose
1.2666666666666666 MCO_Recovery
1.4 FootScuffLeft
0.0 animmotion 0.0 0.0 0
0.016666666666666666 animmotion 0.0 0.11 0
0.03333333333333333 animmotion 0.0 0.46 0
0.05 animmotion 0.0 1.04 0
0.06666666666666667 animmotion 0.0 1.84 0
0.08333333333333333 animmotion 0.0 2.88 0
0.1 animmotion 0.0 4.16 0
0.11666666666666667 animmotion 0.0 5.66 0
0.13333333333333333 animmotion 0.0 7.41 0
0.15 animmotion 0.0 9.38 0
0.16666666666666666 animmotion 0.0 11.6 0
0.18333333333333332 animmotion 0.0 14.05 0
0.2 animmotion 0.0 16.74 0
0.21666666666666667 animmotion 0.0 19.66 0
0.23333333333333334 animmotion 0.0 22.83 0
0.25 animmotion 0.0 26.23 0
0.26666666666666666 animmotion 0.0 29.88 0
0.2833333333333333 animmotion 0.0 33.76 0
0.3 animmotion 0.0 37.89 0
0.31666666666666665 animmotion 0.0 42.26 0
0.3333333333333333 animmotion 0.0 46.88 0
0.35 animmotion 0.0 51.7 0
0.36666666666666664 animmotion 0.0 56.54 0
0.38333333333333336 animmotion 0.0 61.16 0
0.4 animmotion 0.0 65.34 0
0.4166666666666667 animmotion 0.0 68.85 0
0.43333333333333335 animmotion 0.0 71.55 0
0.45 animmotion 0.0 73.65 0
0.4666666666666667 animmotion 0.0 75.44 0
0.48333333333333334 animmotion 0.0 77.25 0
0.5 animmotion 0.0 79.35 0
0.5166666666666667 animmotion 0.0 81.98 0
0.5333333333333333 animmotion 0.0 85.0 0
0.55 animmotion 0.0 88.21 0
0.5666666666666667 animmotion 0.0 91.43 0
0.5833333333333334 animmotion 0.0 94.62 0
0.6 animmotion 0.0 97.75 0
0.6166666666666667 animmotion 0.0 100.79 0
0.6333333333333333 animmotion 0.0 103.74 0
0.65 animmotion 0.0 106.57 0
0.6666666666666666 animmotion 0.0 109.26 0
0.6833333333333333 animmotion 0.0 111.79 0
0.7 animmotion 0.0 114.14 0
0.7166666666666667 animmotion 0.0 116.29 0
0.7333333333333333 animmotion 0.0 118.21 0
0.75 animmotion 0.0 119.9 0
0.7666666666666667 animmotion 0.0 121.33 0
0.7833333333333333 animmotion 0.0 122.47 0
0.8 animmotion 0.0 123.31 0
0.8166666666666667 animmotion 0.0 123.83 0
0.8333333333333334 animmotion 0.0 124.01 0
