# numOriginalFrames: 58
# duration: 1.900000
# numAnnotationTracks: 99
# numAnnotations: 78
0.060000 PIE.@SGVF|MCO_AttackSpeed|1
0.060000 PIE.@SGVI|MCO_nextattack|4
0.060000 PIE.@SGVI|MCO_nextpowerattack|4
0.0 SoundPlay.WPNSwingFx
0.000000 FH_Dodge1
0.666666 PIE.$FHFX
0.433333 SoundPlay.FHPSound
0.016667 preHitFrame
0.900000 PIE.$HitPushX2
0.983333 WeaponSwing
1.033333 HitFrame
1.333333 MCO_WinOpen
1.666666 MCO_WinClose
1.333333 MCO_PowerWinOpen
1.666666 MCO_PowerWinClose
1.666666 MCO_Recovery
1.883333 attackStop
0.100000 FootScuffLeft
0.800000 FootScuffLeft
1.333333 FootScuffRight
1.666666 FootScuffLeft
0.0 animmotion 0.0 0.0 0
0.016666666666666666 animmotion 0.0 -0.27 0
0.03333333333333333 animmotion 0.0 -1.04 0
0.05 animmotion 0.0 -2.26 0
0.06666666666666667 animmotion 0.0 -3.9 0
0.08333333333333333 animmotion 0.0 -5.9 0
0.1 animmotion 0.0 -8.22 0
0.11666666666666667 animmotion 0.0 -10.81 0
0.13333333333333333 animmotion 0.0 -13.63 0
0.15 animmotion 0.0 -16.63 0
0.16666666666666666 animmotion 0.0 -19.76 0
0.18333333333333332 animmotion 0.0 -22.97 0
0.2 animmotion 0.0 -26.23 0
0.21666666666666667 animmotion 0.0 -29.47 0
0.23333333333333334 animmotion 0.0 -32.67 0
0.25 animmotion 0.0 -35.8 0
0.26666666666666666 animmotion 0.0 -38.84 0
0.2833333333333333 animmotion 0.0 -41.76 0
0.3 animmotion 0.0 -44.54 0
0.31666666666666665 animmotion 0.0 -47.17 0
0.3333333333333333 animmotion 0.0 -49.59 0
0.35 animmotion 0.0 -51.77 0
0.36666666666666664 animmotion 0.0 -53.66 0
0.38333333333333336 animmotion 0.0 -55.2 0
0.4 animmotion 0.0 -56.36 0
0.4166666666666667 animmotion 0.0 -57.09 0
0.43333333333333335 animmotion 0.0 -57.35 0
0.45 animmotion 0.0 -57.34 0
0.4666666666666667 animmotion 0.0 -57.33 0
0.48333333333333334 animmotion 0.0 -57.28 0
0.5 animmotion 0.0 -57.19 0
0.5166666666666667 animmotion 0.0 -57.03 0
0.5333333333333333 animmotion 0.0 -56.8 0
0.55 animmotion 0.0 -56.48 0
0.5666666666666667 animmotion 0.0 -53.17 0
0.5833333333333334 animmotion 0.0 -49.85 0
0.6 animmotion 0.0 -46.84 0
0.6166666666666667 animmotion 0.0 -42.25 0
0.6333333333333333 animmotion 0.0 -35.1 0
0.65 animmotion 0.0 -25.48 0
0.6666666666666666 animmotion 0.0 -16.0 0
0.6833333333333333 animmotion 0.0 -7.13 0
0.7 animmotion 0.0 1.41 0
0.7166666666666667 animmotion 0.0 9.89 0
0.7333333333333333 animmotion 0.0 18.6 0
0.75 animmotion 0.0 27.74 0
0.7666666666666667 animmotion 0.0 37.29 0
0.7833333333333333 animmotion 0.0 47.12 0
0.8 animmotion 0.0 57.14 0
0.8166666666666667 animmotion 0.0 67.24 0
0.8333333333333334 animmotion 0.0 77.32 0
0.85 animmotion 0.0 87.28 0
0.8666666666666667 animmotion 0.0 97.0 0
0.8833333333333333 animmotion 0.0 106.38 0
0.9 animmotion 0.0 115.33 0
0.9166666666666666 animmotion 0.0 123.73 0
0.9333333333333333 animmotion 0.0 131.47 0
0.95 animmotion 0.0 138.58 0
0.9666666666666667 animmotion 0.0 145.53 0
0.9833333333333333 animmotion 0.0 152.9 0
1.0 animmotion 0.0 161.3 0
1.0166666666666666 animmotion 0.0 171.03 0
1.0333333333333334 animmotion 0.0 181.33 0
1.05 animmotion 0.0 191.16 0
1.0666666666666667 animmotion 0.0 199.48 0
1.0833333333333333 animmotion 0.0 205.23 0
1.1 animmotion 0.0 207.38 0