0.06 PIE.@SGVF|MCO_AttackSpeed|1.0
0.06 PIE.@SGVI|MCO_NextAttack|9
0.06 PIE.@SGVI|MCO_NextPowerAttack|4
0.0 ParryStart
0.06666666666666667 preHitFrame
0.3333333333333333 FootScuffLeft
0.4666666666666667 ParryStop
0.5333333333333333 HitFrame
0.5333333333333333 weaponSwing
0.5333333333333333 FootScuffRight
0.5333333333333333 PIE.$HitUP_Trigger
0.7666666666666667 FootScuffLeft
0.8333333333333334 MCO_WinOpen
0.8333333333333334 MCO_PowerWinOpen
1.1 FootScuffRight
1.1666666666666667 MCO_WinClose
1.1666666666666667 MCO_PowerWinClose
1.1666666666666667 MCO_Recovery
0.0 animmotion 0.0 0.0 0
0.4 animmotion 0.0 0.0 0
0.4166666666666667 animmotion 0.0 0.42 0
0.43333333333333335 animmotion 0.0 1.59 0
0.45 animmotion 0.0 3.42 0
0.4666666666666667 animmotion 0.0 5.8 0
0.48333333333333334 animmotion 0.0 8.61 0
0.5 animmotion 0.0 11.75 0
0.5166666666666667 animmotion 0.0 15.11 0
0.5333333333333333 animmotion 0.0 18.58 0
0.55 animmotion 0.0 22.07 0
0.5666666666666667 animmotion 0.0 25.54 0
0.5833333333333334 animmotion 0.0 28.98 0
0.6 animmotion 0.0 32.37 0
0.6166666666666667 animmotion 0.0 35.7 0
0.6333333333333333 animmotion 0.0 38.93 0
0.65 animmotion 0.0 42.07 0
0.6666666666666666 animmotion 0.0 45.08 0
0.6833333333333333 animmotion 0.0 47.95 0
0.7 animmotion 0.0 50.66 0
0.7166666666666667 animmotion 0.0 53.2 0
0.7333333333333333 animmotion 0.0 55.54 0
0.75 animmotion 0.0 57.68 0
0.7666666666666667 animmotion 0.0 59.62 0
0.7833333333333333 animmotion 0.0 61.35 0
0.8 animmotion 0.0 62.9 0
0.8166666666666667 animmotion 0.0 64.27 0
0.8333333333333334 animmotion 0.0 65.46 0
0.85 animmotion 0.0 66.48 0
0.8666666666666667 animmotion 0.0 67.34 0
0.8833333333333333 animmotion 0.0 68.05 0
0.9 animmotion 0.0 68.62 0
0.9166666666666666 animmotion 0.0 69.04 0
0.9333333333333333 animmotion 0.0 69.34 0
0.95 animmotion 0.0 69.51 0
0.9666666666666667 animmotion 0.0 69.57 0
