0.0 PIE.@SGVF|MCO_AttackSpeed|1.0
0.0 PIE.@SGVI|MCO_NextAttack|10
0.0 PIE.@SGVI|MCO_NextPowerAttack|7
0.0 SoundPlay.FHPSound
0.0 PIE.$FHFX_Body
0.06666666666666667 CastOKStart
0.1 preHitFrame
0.3 FootScuffRight
1.0 Collision_AttackStart
1.0333333333333334 SoundPlay.WPNSwingFx
1.1166666666666667 Collision_Add.Node(NPC L UpperArm [LUar])|ID(1)|Scale(1.5)|NoTrail
1.1166666666666667 Collision_Add.Node(NPC L Forearm [LLar])|ID(1)|Scale(1.5)|NoTrail
1.1166666666666667 Collision_Add.Node(NPC L Hand [LHnd])|ID(1)|Scale(3)|NoTrail|RadiusMult(2)
1.0666666666666667 ParryStart2
1.1166666666666667 PIE.$Fist_Hit
1.1166666666666667 PIE.$HitPushX2_Trigger
1.1166666666666667 PIE.@CAMSHAKE|0.5|0.3
1.1166666666666667 HitFrame
1.1333333333333333 FootScuffLeft
1.1666666666666667 ParryStop
1.1833333333333333 Collision_AttackEnd
1.4333333333333333 MCO_WinOpen
1.4333333333333333 MCO_PowerWinOpen
1.4666666666666666 FootScuffRight
1.7666666666666666 MCO_WinClose
1.7666666666666666 MCO_PowerWinClose
1.7666666666666666 MCO_Recovery
1.9 FootScuffLeft
0.0 animmotion 0.0 0.0 0
0.016666666666666666 animmotion 0.0 -0.06 0
0.03333333333333333 animmotion 0.0 -0.24 0
0.05 animmotion 0.0 -0.53 0
0.06666666666666667 animmotion 0.0 -0.92 0
0.08333333333333333 animmotion 0.0 -1.41 0
0.1 animmotion 0.0 -1.98 0
0.11666666666666667 animmotion 0.0 -2.63 0
0.13333333333333333 animmotion 0.0 -3.35 0
0.15 animmotion 0.0 -4.13 0
0.16666666666666666 animmotion 0.0 -4.96 0
0.18333333333333332 animmotion 0.0 -5.84 0
0.2 animmotion 0.0 -6.75 0
0.21666666666666667 animmotion 0.0 -7.69 0
0.23333333333333334 animmotion 0.0 -8.66 0
0.25 animmotion 0.0 -9.63 0
0.26666666666666666 animmotion 0.0 -10.61 0
0.2833333333333333 animmotion 0.0 -11.58 0
0.3 animmotion 0.0 -12.55 0
0.31666666666666665 animmotion 0.0 -13.49 0
0.3333333333333333 animmotion 0.0 -14.4 0
0.35 animmotion 0.0 -15.28 0
0.36666666666666664 animmotion 0.0 -16.11 0
0.38333333333333336 animmotion 0.0 -16.89 0
0.4 animmotion 0.0 -17.61 0
0.4166666666666667 animmotion 0.0 -18.26 0
0.43333333333333335 animmotion 0.0 -18.83 0
0.45 animmotion 0.0 -19.32 0
0.4666666666666667 animmotion 0.0 -19.71 0
0.48333333333333334 animmotion 0.0 -20.0 0
0.5 animmotion 0.0 -20.18 0
0.8333333333333334 animmotion 0.0 -20.24 0
0.85 animmotion 0.0 -19.19 0
0.8666666666666667 animmotion 0.0 -16.18 0
0.8833333333333333 animmotion 0.0 -11.41 0
0.9 animmotion 0.0 -5.08 0
0.9166666666666666 animmotion 0.0 2.62 0
0.9333333333333333 animmotion 0.0 11.48 0
0.95 animmotion 0.0 21.29 0
0.9666666666666667 animmotion 0.0 31.87 0
0.9833333333333333 animmotion 0.0 43.0 0
1.0 animmotion 0.0 54.48 0
1.0166666666666666 animmotion 0.0 66.09 0
1.0333333333333334 animmotion 0.0 77.63 0
1.05 animmotion 0.0 88.87 0
1.0666666666666667 animmotion 0.0 99.61 0
1.0833333333333333 animmotion 0.0 109.63 0
1.1 animmotion 0.0 118.71 0
1.1166666666666667 animmotion 0.0 126.71 0
1.1333333333333333 animmotion 0.0 133.63 0
1.15 animmotion 0.0 139.57 0
1.1666666666666667 animmotion 0.0 144.58 0
1.1833333333333333 animmotion 0.0 148.76 0
1.2 animmotion 0.0 152.18 0
1.2166666666666666 animmotion 0.0 154.91 0
1.2333333333333334 animmotion 0.0 157.03 0
1.25 animmotion 0.0 158.61 0
1.2666666666666666 animmotion 0.0 159.74 0
1.2833333333333334 animmotion 0.0 160.48 0
1.3 animmotion 0.0 160.92 0
1.3166666666666667 animmotion 0.0 161.12 0
1.3333333333333333 animmotion 0.0 161.17 0
