0.06 PIE.@SGVF|MCO_AttackSpeed|1.0
0.06 PIE.@SGVI|MCO_NextAttack|4
0.06 PIE.@SGVI|MCO_NextPowerAttack|4
0.0 PIE.$FHFX
0.0 SoundPlay.FHPSound
0.06666666666666667 CastOKStart
0.1 preHitFrame
0.7333333333333333 FootScuffLeft
0.7666666666666667 Collision_AttackStart
0.8333333333333334 PIE.$FootStamp
0.85 weaponSwing
0.85 Collision_Add.Node(WEAPON)|ID(1)|DamageMult(2.0)|Scale(1.0)
0.9666666666666667 HitFrame
1.0333333333333334 Collision_AttackEnd
1.1333333333333333 MCO_WinOpen
1.1333333333333333 MCO_PowerWinOpen
1.3333333333333333 FootScuffRight
1.4666666666666666 MCO_WinClose
1.4666666666666666 MCO_PowerWinClose
1.4666666666666666 MCO_Recovery
1.8666666666666667 FootScuffLeft
0.0 animmotion 0.0 0.0 0
0.7 animmotion 0.0 0.0 0
0.7166666666666667 animmotion 0.0 1.76 0
0.7333333333333333 animmotion 0.0 6.7 0
0.75 animmotion 0.0 14.28 0
0.7666666666666667 animmotion 0.0 23.99 0
0.7833333333333333 animmotion 0.0 35.3 0
0.8 animmotion 0.0 47.7 0
0.8166666666666667 animmotion 0.0 60.65 0
0.8333333333333334 animmotion 0.0 73.63 0
0.85 animmotion 0.0 86.13 0
0.8666666666666667 animmotion 0.0 97.61 0
0.8833333333333333 animmotion 0.0 107.55 0
0.9 animmotion 0.0 115.44 0
0.9166666666666666 animmotion 0.0 121.54 0
0.9333333333333333 animmotion 0.0 126.54 0
0.95 animmotion 0.0 130.58 0
0.9666666666666667 animmotion 0.0 133.75 0
0.9833333333333333 animmotion 0.0 136.19 0
1.0 animmotion 0.0 137.99 0
1.0166666666666666 animmotion 0.0 139.29 0
1.0333333333333334 animmotion 0.0 140.19 0
1.05 animmotion 0.0 140.81 0
1.0666666666666667 animmotion 0.0 141.27 0
1.0833333333333333 animmotion 0.0 141.68 0
1.1 animmotion 0.0 142.16 0
1.1166666666666667 animmotion 0.0 142.78 0
1.1333333333333333 animmotion 0.0 143.42 0
1.15 animmotion 0.0 144.06 0
1.1666666666666667 animmotion 0.0 144.68 0
1.1833333333333333 animmotion 0.0 145.29 0
1.2 animmotion 0.0 145.88 0
1.2166666666666666 animmotion 0.0 146.45 0
1.2333333333333334 animmotion 0.0 146.99 0
1.25 animmotion 0.0 147.5 0
1.2666666666666666 animmotion 0.0 147.97 0
1.2833333333333334 animmotion 0.0 148.41 0
1.3 animmotion 0.0 148.81 0
1.3166666666666667 animmotion 0.0 149.16 0
1.3333333333333333 animmotion 0.0 149.46 0
1.35 animmotion 0.0 149.73 0
1.3666666666666667 animmotion 0.0 149.94 0
1.3833333333333333 animmotion 0.0 150.11 0
1.4 animmotion 0.0 150.24 0
1.4166666666666667 animmotion 0.0 150.31 0
1.4333333333333333 animmotion 0.0 150.33 0
