0.06 PIE.@SGVF|MCO_AttackSpeed|1.0
0.06 PIE.@SGVI|MCO_NextAttack|7
0.06 PIE.@SGVI|MCO_NextPowerAttack|10
0.0 PIE.$FHFX
0.0 PIE.$FHFX_Shield
0.0 SoundPlay.FHPSound
0.0 ParryStart2
0.06666666666666667 CastOKStart
0.1 preHitFrame
0.13333333333333333 FootScuffRight
0.5666666666666667 weaponSwing
0.5666666666666667 SoundPlay.WPNSwing2Hand
0.5666666666666667 PIE.$FootStamp
0.5 ParryStop
0.6333333333333333 HitFrame
0.6333333333333333 FootScuffLeft
0.6333333333333333 PIE.$Shield_Hit
0.8666666666666667 MCO_WinOpen
0.8666666666666667 MCO_PowerWinOpen
0.833333 PIE.$Layer_2
0.95 FootScuffRight
1.2 FootScuffLeft
1.2 MCO_WinClose
1.2 MCO_PowerWinClose
1.2 MCO_Recovery
1.5666666666666667 AttackStop
0.0 animmotion 0.0 0.0 0
0.016666666666666666 animmotion 0.0 0.59 0
0.03333333333333333 animmotion 0.0 2.28 0
0.05 animmotion 0.0 4.94 0
0.06666666666666667 animmotion 0.0 8.44 0
0.08333333333333333 animmotion 0.0 12.66 0
0.1 animmotion 0.0 17.47 0
0.11666666666666667 animmotion 0.0 22.74 0
0.13333333333333333 animmotion 0.0 28.35 0
0.15 animmotion 0.0 34.16 0
0.16666666666666666 animmotion 0.0 40.05 0
0.18333333333333332 animmotion 0.0 45.9 0
0.2 animmotion 0.0 51.57 0
0.21666666666666667 animmotion 0.0 56.94 0
0.23333333333333334 animmotion 0.0 61.88 0
0.25 animmotion 0.0 66.28 0
0.26666666666666666 animmotion 0.0 70.12 0
0.2833333333333333 animmotion 0.0 73.39 0
0.3 animmotion 0.0 76.06 0
0.31666666666666665 animmotion 0.0 78.16 0
0.3333333333333333 animmotion 0.0 79.74 0
0.35 animmotion 0.0 80.87 0
0.36666666666666664 animmotion 0.0 81.63 0
0.38333333333333336 animmotion 0.0 82.1 0
0.4 animmotion 0.0 82.36 0
0.4166666666666667 animmotion 0.0 82.47 0
0.43333333333333335 animmotion 0.0 82.51 0
0.45 animmotion 0.0 82.57 0
0.4666666666666667 animmotion 0.0 82.71 0
0.48333333333333334 animmotion 0.0 83.01 0
0.5 animmotion 0.0 83.55 0
0.5166666666666667 animmotion 0.0 84.4 0
0.5333333333333333 animmotion 0.0 85.64 0
0.55 animmotion 0.0 87.34 0
0.5666666666666667 animmotion 0.0 89.57 0
0.5833333333333334 animmotion 0.0 92.86 0
0.6 animmotion 0.0 97.48 0
0.6166666666666667 animmotion 0.0 103.2 0
0.6333333333333333 animmotion 0.0 109.77 0
0.65 animmotion 0.0 116.94 0
0.6666666666666666 animmotion 0.0 124.48 0
0.6833333333333333 animmotion 0.0 132.14 0
0.7 animmotion 0.0 139.67 0
0.7166666666666667 animmotion 0.0 146.83 0
0.7333333333333333 animmotion 0.0 153.39 0
0.75 animmotion 0.0 159.08 0
0.7666666666666667 animmotion 0.0 163.68 0
0.7833333333333333 animmotion 0.0 167.0 0
0.8 animmotion 0.0 169.16 0
0.8166666666666667 animmotion 0.0 170.32 0
0.8333333333333334 animmotion 0.0 170.67 0
