0.060000 PIE.@SGVF|MCO_AttackSpeed|1
0.060000 PIE.@SGVI|MCO_nextattack|7
0.060000 PIE.@SGVI|MCO_nextpowerattack|6
0.06666666666666667 CastOKStart
0.1 preHitFrame
0.3 FootScuffRight
0.75 PIE.$HitRight
0.7666666666666667 weaponSwing
0.7833333333333333 FootScuffLeft
0.8333333333333334 HitFrame
0.9166666666666666 PIE.@CAMSHAKE|1.0|0.2
1.1333333333333333 MCO_WinOpen
1.1333333333333333 MCO_PowerWinOpen
1.3333333333333333 FootScuffRight
1.4666666666666666 MCO_WinClose
1.4666666666666666 MCO_PowerWinClose
1.4666666666666666 MCO_Recovery
0.0 animmotion 0.0 0.0 0
0.016666666666666666 animmotion -0.1 0.02 0
0.03333333333333333 animmotion -0.4 0.07 0
0.05 animmotion -0.88 0.16 0
0.06666666666666667 animmotion -1.55 0.28 0
0.08333333333333333 animmotion -2.4 0.44 0
0.1 animmotion -3.41 0.62 0
0.11666666666666667 animmotion -4.58 0.83 0
0.13333333333333333 animmotion -5.91 1.08 0
0.15 animmotion -7.39 1.34 0
0.16666666666666666 animmotion -9.01 1.64 0
0.18333333333333332 animmotion -10.76 1.95 0
0.2 animmotion -12.64 2.29 0
0.21666666666666667 animmotion -14.64 2.65 0
0.23333333333333334 animmotion -16.75 3.03 0
0.25 animmotion -18.97 3.43 0
0.26666666666666666 animmotion -21.29 3.84 0
0.2833333333333333 animmotion -23.7 4.27 0
0.3 animmotion -26.2 4.72 0
0.31666666666666665 animmotion -28.77 5.18 0
0.3333333333333333 animmotion -31.42 5.65 0
0.35 animmotion -34.13 6.13 0
0.36666666666666664 animmotion -36.91 6.62 0
0.38333333333333336 animmotion -39.73 7.11 0
0.4 animmotion -42.6 7.62 0
0.4166666666666667 animmotion -45.5 8.12 0
0.43333333333333335 animmotion -48.44 8.63 0
0.45 animmotion -51.39 9.15 0
0.4666666666666667 animmotion -54.37 9.66 0
0.48333333333333334 animmotion -57.36 10.18 0
0.5 animmotion -60.35 10.7 0
0.5166666666666667 animmotion -63.34 11.25 0
0.5333333333333333 animmotion -66.33 11.82 0
0.55 animmotion -69.32 12.42 0
0.5666666666666667 animmotion -72.3 13.07 0
0.5833333333333334 animmotion -75.26 13.78 0
0.6 animmotion -78.21 14.54 0
0.6166666666666667 animmotion -81.13 15.38 0
0.6333333333333333 animmotion -84.03 16.31 0
0.65 animmotion -86.9 17.32 0
0.6666666666666666 animmotion -89.73 18.41 0
0.6833333333333333 animmotion -92.53 19.58 0
0.7 animmotion -95.29 20.81 0
0.7166666666666667 animmotion -98.0 22.11 0
0.7333333333333333 animmotion -100.67 23.46 0
0.75 animmotion -103.28 24.85 0
0.7666666666666667 animmotion -105.84 26.28 0
0.7833333333333333 animmotion -108.33 27.74 0
0.8 animmotion -110.76 29.22 0
0.8166666666666667 animmotion -113.12 30.72 0
0.8333333333333334 animmotion -115.41 32.23 0
0.85 animmotion -117.62 33.73 0
0.8666666666666667 animmotion -119.75 35.22 0
0.8833333333333333 animmotion -121.8 36.7 0
0.9 animmotion -123.76 38.16 0
0.9166666666666666 animmotion -125.63 39.58 0
0.9333333333333333 animmotion -127.4 40.97 0
0.95 animmotion -129.07 42.31 0
0.9666666666666667 animmotion -130.64 43.59 0
0.9833333333333333 animmotion -132.1 44.82 0
1.0 animmotion -133.47 45.97 0
1.0166666666666666 animmotion -134.75 47.06 0
1.0333333333333334 animmotion -135.95 48.08 0
1.05 animmotion -137.07 49.04 0
1.0666666666666667 animmotion -138.12 49.94 0
1.0833333333333333 animmotion -139.1 50.78 0
1.1 animmotion -140.0 51.57 0
1.1166666666666667 animmotion -140.84 52.29 0
1.1333333333333333 animmotion -141.62 52.97 0
1.15 animmotion -142.33 53.59 0
1.1666666666666667 animmotion -142.98 54.16 0
1.1833333333333333 animmotion -143.58 54.69 0
1.2 animmotion -144.12 55.17 0
1.2166666666666666 animmotion -144.61 55.61 0
1.2333333333333334 animmotion -145.06 56.01 0
1.25 animmotion -145.45 56.37 0
1.2666666666666666 animmotion -145.8 56.69 0
1.2833333333333334 animmotion -146.11 56.98 0
1.3 animmotion -146.38 57.23 0
1.3166666666666667 animmotion -146.62 57.45 0
1.3333333333333333 animmotion -146.82 57.64 0
1.35 animmotion -146.99 57.81 0
1.3666666666666667 animmotion -147.13 57.95 0
1.3833333333333333 animmotion -147.25 58.07 0
1.4 animmotion -147.34 58.17 0
1.4166666666666667 animmotion -147.42 58.24 0
1.4333333333333333 animmotion -147.47 58.31 0
1.45 animmotion -147.51 58.35 0
1.4666666666666666 animmotion -147.54 58.39 0
1.4833333333333334 animmotion -147.55 58.41 0
1.5 animmotion -147.56 58.42 0
1.5166666666666666 animmotion -147.56 58.43 0
