0.06 PIE.@SGVF|MCO_AttackSpeed|1.0
0.06 PIE.@SGVI|MCO_NextAttack|10
0.06 PIE.@SGVI|MCO_NextPowerAttack|7
0.06666666666666667 CastOKStart
0.1 preHitFrame
0.3333333333333333 FootScuffRight
0.7 FootScuffLeft
0.7166666666666667 PIE.$HitRight
0.7333333333333333 weaponSwing
0.7833333333333333 HitFrame
0.8833333333333333 FootScuffRight
1.1333333333333333 MCO_WinOpen
1.1333333333333333 MCO_PowerWinOpen
1.4666666666666666 MCO_WinClose
1.4666666666666666 MCO_PowerWinClose
1.4666666666666666 MCO_Recovery
0.0 animmotion 0.0 0.0 0
0.016666666666666666 animmotion -0.12 0.09 0
0.03333333333333333 animmotion -0.48 0.33 0
0.05 animmotion -1.05 0.73 0
0.06666666666666667 animmotion -1.83 1.26 0
0.08333333333333333 animmotion -2.8 1.92 0
0.1 animmotion -3.95 2.69 0
0.11666666666666667 animmotion -5.25 3.56 0
0.13333333333333333 animmotion -6.7 4.52 0
0.15 animmotion -8.28 5.55 0
0.16666666666666666 animmotion -9.98 6.64 0
0.18333333333333332 animmotion -11.78 7.79 0
0.2 animmotion -13.66 8.97 0
0.21666666666666667 animmotion -15.62 10.18 0
0.23333333333333334 animmotion -17.63 11.39 0
0.25 animmotion -19.69 12.61 0
0.26666666666666666 animmotion -21.77 13.82 0
0.2833333333333333 animmotion -23.87 15.0 0
0.3 animmotion -25.97 16.14 0
0.31666666666666665 animmotion -28.04 17.24 0
0.3333333333333333 animmotion -30.09 18.27 0
0.35 animmotion -32.09 19.23 0
0.36666666666666664 animmotion -34.03 20.1 0
0.38333333333333336 animmotion -35.9 20.87 0
0.4 animmotion -37.68 21.53 0
0.4166666666666667 animmotion -39.35 22.06 0
0.43333333333333335 animmotion -40.9 22.46 0
0.45 animmotion -42.31 22.7 0
0.4666666666666667 animmotion -43.58 22.79 0
0.48333333333333334 animmotion -44.7 22.79 0
0.5 animmotion -45.7 22.79 0
0.5166666666666667 animmotion -46.65 22.79 0
0.5333333333333333 animmotion -47.59 22.79 0
0.55 animmotion -48.59 22.79 0
0.5666666666666667 animmotion -49.68 22.79 0
0.5833333333333334 animmotion -50.94 22.79 0
0.6 animmotion -52.4 22.79 0
0.6166666666666667 animmotion -54.13 22.79 0
0.6333333333333333 animmotion -56.17 22.79 0
0.65 animmotion -58.59 22.79 0
0.6666666666666666 animmotion -61.43 22.79 0
0.6833333333333333 animmotion -64.72 23.58 0
0.7 animmotion -68.38 25.79 0
0.7166666666666667 animmotion -72.33 29.19 0
0.7333333333333333 animmotion -76.45 33.54 0
0.75 animmotion -80.66 38.59 0
0.7666666666666667 animmotion -84.84 44.13 0
0.7833333333333333 animmotion -88.9 49.9 0
0.8 animmotion -92.75 55.66 0
0.8166666666666667 animmotion -96.27 61.2 0
0.8333333333333334 animmotion -99.38 66.25 0
0.85 animmotion -101.97 70.6 0
0.8666666666666667 animmotion -103.94 74.0 0
0.8833333333333333 animmotion -105.2 76.21 0
0.9 animmotion -105.64 77.0 0
