0.06 PIE.@SGVF|MCO_AttackSpeed|1.0
0.06 PIE.@SGVI|MCO_NextAttack|3
0.06 PIE.@SGVI|MCO_NextPowerAttack|3
0.06666666666666667 CastOKStart
0.1 preHitFrame
0.38333333333333336 PIE.$HitRight
0.4 weaponSwing
0.5 HitFrame
0.7166666666666667 FootScuffLeft
0.7666666666666667 MCO_WinOpen
0.7666666666666667 MCO_PowerWinOpen
1.1 MCO_WinClose
1.1 MCO_PowerWinClose
1.1 MCO_Recovery
1.1666666666666667 FootScuffRight
1.3666666666666667 FootScuffLeft
0.0 animmotion 0.0 0.0 0
0.016666666666666666 animmotion -0.46 0.13 0
0.03333333333333333 animmotion -1.72 0.51 0
0.05 animmotion -3.62 1.16 0
0.06666666666666667 animmotion -6.01 2.1 0
0.08333333333333333 animmotion -8.71 3.33 0
0.1 animmotion -11.58 4.87 0
0.11666666666666667 animmotion -14.44 6.73 0
0.13333333333333333 animmotion -17.14 8.93 0
0.15 animmotion -19.54 11.46 0
0.16666666666666666 animmotion -21.66 14.29 0
0.18333333333333332 animmotion -23.51 17.4 0
0.2 animmotion -25.14 20.74 0
0.21666666666666667 animmotion -26.59 24.28 0
0.23333333333333334 animmotion -27.87 27.97 0
0.25 animmotion -29.04 31.8 0
0.26666666666666666 animmotion -30.12 35.7 0
0.2833333333333333 animmotion -31.15 39.66 0
0.3 animmotion -32.16 43.63 0
0.31666666666666665 animmotion -33.18 47.58 0
0.3333333333333333 animmotion -34.26 51.47 0
0.35 animmotion -35.51 55.2 0
0.36666666666666664 animmotion -37.43 58.39 0
0.38333333333333336 animmotion -40.59 60.63 0
0.4 animmotion -45.57 61.47 0
0.4166666666666667 animmotion -52.54 61.47 0
0.43333333333333335 animmotion -60.02 61.47 0
0.45 animmotion -66.11 61.47 0
0.4666666666666667 animmotion -69.44 61.47 0
0.48333333333333334 animmotion -70.81 61.47 0
0.5 animmotion -71.53 61.47 0
0.5166666666666667 animmotion -72.66 61.47 0
0.5333333333333333 animmotion -74.19 61.47 0
0.55 animmotion -75.83 61.47 0
0.5666666666666667 animmotion -77.3 61.47 0
0.5833333333333334 animmotion -78.41 61.47 0
0.6 animmotion -79.26 61.47 0
0.6166666666666667 animmotion -80.06 61.47 0
0.6333333333333333 animmotion -80.99 61.47 0
0.65 animmotion -82.22 61.47 0
0.6666666666666666 animmotion -83.72 61.47 0
0.6833333333333333 animmotion -85.44 61.47 0
0.7 animmotion -87.31 61.47 0
0.7166666666666667 animmotion -89.28 61.47 0
0.7333333333333333 animmotion -91.29 61.47 0
0.75 animmotion -93.28 61.47 0
0.7666666666666667 animmotion -95.19 61.47 0
0.7833333333333333 animmotion -96.97 61.47 0
0.8 animmotion -98.59 61.47 0
0.8166666666666667 animmotion -100.02 61.47 0
0.8333333333333334 animmotion -101.25 61.47 0
0.85 animmotion -102.25 61.47 0
0.8666666666666667 animmotion -102.99 61.47 0
0.8833333333333333 animmotion -103.45 61.47 0
1.0 animmotion -103.61 61.47 0
1.0166666666666666 animmotion -103.89 61.13 0
1.0333333333333334 animmotion -104.67 60.2 0
1.05 animmotion -105.86 58.77 0
1.0666666666666667 animmotion -107.35 56.93 0
1.0833333333333333 animmotion -109.06 54.79 0
1.1 animmotion -110.9 52.44 0
1.1166666666666667 animmotion -112.77 49.99 0
1.1333333333333333 animmotion -114.57 47.52 0
1.15 animmotion -116.24 45.13 0
1.1666666666666667 animmotion -117.75 42.85 0
1.1833333333333333 animmotion -119.12 40.67 0
1.2 animmotion -120.34 38.63 0
1.2166666666666666 animmotion -121.43 36.72 0
1.2333333333333334 animmotion -122.38 34.95 0
1.25 animmotion -123.2 33.36 0
1.2666666666666666 animmotion -123.9 31.93 0
1.2833333333333334 animmotion -124.48 30.69 0
1.3 animmotion -124.94 29.65 0
1.3166666666666667 animmotion -125.29 28.82 0
1.3333333333333333 animmotion -125.54 28.21 0
1.35 animmotion -125.68 27.84 0
1.3666666666666667 animmotion -125.73 27.71 0
