0.06 PIE.@SGVF|MCO_AttackSpeed|1.0
0.06 PIE.@SGVI|MCO_NextAttack|7
0.06 PIE.@SGVI|MCO_NextPowerAttack|7
0.06666666666666667 CastOKStart
0.1 preHitFrame
0.13333333333333333 FootScuffLeft
0.25 PIE.$FHFX
0.25 SoundPlay.FHPSound
0.7 Collision_AttackStart
0.7333333333333333 FootScuffLeft
0.8166666666666667 Collision_Add.Node(SHIELD)|ID(1)|DamageMult(0.5)|Scale(1.0)
0.8666666666666667 weaponLeftSwing
0.8666666666666667 PIE.$HitLeft
0.9333333333333333 HitFrame
1.0333333333333334 FootScuffRight
1.05 Collision_Remove.Node(SHIELD)
1.0666666666666667 Collision_Add.Node(WEAPON)|ID(2)|DamageMult(0.7)|Scale(1.0)
1.1333333333333333 weaponSwing
1.1333333333333333 PIE.$HitLeft
1.2 HitFrame
1.3166666666666667 Collision_Remove.Node(WEAPON)
1.4166666666666667 weaponLeftSwing
1.4166666666666667 PIE.$HitLeft
1.4166666666666667 Collision_Add.Node(SHIELD)|ID(3)|DamageMult(0.9)|Scale(1.2)
1.4333333333333333 FootScuffLeft
1.4833333333333334 HitFrame
1.6 Collision_Remove.Node(SHIELD)
1.6166666666666667 Collision_Add.Node(WEAPON)|ID(4)|DamageMult(1.2)|Scale(1.2)
1.6333333333333333 weaponSwing
1.6333333333333333 PIE.$HitLeft
1.7 HitFrame
1.7 FootScuffRight
1.8 Collision_Remove.Node(WEAPON)
1.85 Collision_AttackEnd
1.9666666666666666 MCO_WinOpen
1.9666666666666666 MCO_PowerWinOpen
2.3 MCO_WinClose
2.3 MCO_PowerWinClose
2.3 MCO_Recovery
2.3333333333333335 FootScuffRight
2.6 FootScuffLeft
0.0 animmotion 0.0 0.0 0
0.016666666666666666 animmotion 0.0 -0.41 0
0.03333333333333333 animmotion 0.0 -1.59 0
0.05 animmotion 0.0 -3.45 0
0.06666666666666667 animmotion 0.0 -5.88 0
0.08333333333333333 animmotion 0.0 -8.81 0
0.1 animmotion 0.0 -12.13 0
0.11666666666666667 animmotion 0.0 -15.76 0
0.13333333333333333 animmotion 0.0 -19.63 0
0.15 animmotion 0.0 -23.63 0
0.16666666666666666 animmotion 0.0 -27.71 0
0.18333333333333332 animmotion 0.0 -31.78 0
0.2 animmotion 0.0 -35.75 0
0.21666666666666667 animmotion 0.0 -39.56 0
0.23333333333333334 animmotion 0.0 -43.11 0
0.25 animmotion 0.0 -46.34 0
0.26666666666666666 animmotion 0.0 -49.16 0
0.2833333333333333 animmotion 0.0 -51.49 0
0.3 animmotion 0.0 -53.25 0
0.31666666666666665 animmotion 0.0 -54.37 0
0.3333333333333333 animmotion 0.0 -54.76 0
0.35 animmotion 0.0 -54.74 0
0.36666666666666664 animmotion 0.0 -54.71 0
0.38333333333333336 animmotion 0.0 -54.65 0
0.4 animmotion 0.0 -54.58 0
0.4166666666666667 animmotion 0.0 -54.5 0
0.43333333333333335 animmotion 0.0 -54.43 0
0.45 animmotion 0.0 -54.36 0
0.4666666666666667 animmotion 0.0 -54.3 0
0.48333333333333334 animmotion 0.0 -54.25 0
0.5 animmotion 0.0 -54.19 0
0.5166666666666667 animmotion 0.0 -54.1 0
0.5333333333333333 animmotion 0.0 -53.93 0
0.55 animmotion 0.0 -53.68 0
0.5666666666666667 animmotion 0.0 -53.3 0
0.5833333333333334 animmotion 0.0 -52.78 0
0.6 animmotion 0.0 -52.08 0
0.6166666666666667 animmotion 0.0 -51.18 0
0.6333333333333333 animmotion 0.0 -50.04 0
0.65 animmotion 0.0 -48.65 0
0.6666666666666666 animmotion 0.0 -46.97 0
0.6833333333333333 animmotion 0.0 -44.91 0
0.7 animmotion 0.0 -42.41 0
0.7166666666666667 animmotion 0.0 -39.5 0
0.7333333333333333 animmotion 0.0 -36.23 0
0.75 animmotion 0.0 -32.61 0
0.7666666666666667 animmotion 0.0 -28.69 0
0.7833333333333333 animmotion 0.0 -24.5 0
0.8 animmotion 0.0 -20.06 0
0.8166666666666667 animmotion 0.0 -15.41 0
0.8333333333333334 animmotion 0.0 -10.59 0
0.85 animmotion 0.0 -5.62 0
0.8666666666666667 animmotion 0.0 -0.54 0
0.8833333333333333 animmotion 0.0 4.62 0
0.9 animmotion 0.0 9.83 0
0.9166666666666666 animmotion 0.0 15.08 0
0.9333333333333333 animmotion 0.0 20.37 0
0.95 animmotion 0.0 25.69 0
0.9666666666666667 animmotion 0.0 31.03 0
0.9833333333333333 animmotion 0.0 36.39 0
1.0 animmotion 0.0 41.76 0
1.0166666666666666 animmotion 0.0 47.13 0
1.0333333333333334 animmotion 0.0 52.51 0
1.05 animmotion 0.0 57.89 0
1.0666666666666667 animmotion 0.0 63.25 0
1.0833333333333333 animmotion 0.0 68.6 0
1.1 animmotion 0.0 73.92 0
1.1166666666666667 animmotion 0.0 79.22 0
1.1333333333333333 animmotion 0.0 84.48 0
1.15 animmotion 0.0 89.7 0
1.1666666666666667 animmotion 0.0 94.88 0
1.1833333333333333 animmotion 0.0 100.01 0
1.2 animmotion 0.0 105.08 0
1.2166666666666666 animmotion 0.0 110.09 0
1.2333333333333334 animmotion 0.0 115.03 0
1.25 animmotion 0.0 119.9 0
1.2666666666666666 animmotion 0.0 124.68 0
1.2833333333333334 animmotion 0.0 129.38 0
1.3 animmotion 0.0 134.0 0
1.3166666666666667 animmotion 0.0 138.51 0
1.3333333333333333 animmotion 0.0 142.92 0
1.35 animmotion 0.0 147.22 0
1.3666666666666667 animmotion 0.0 151.41 0
1.3833333333333333 animmotion 0.0 155.48 0
1.4 animmotion 0.0 159.42 0
1.4166666666666667 animmotion 0.0 163.23 0
1.4333333333333333 animmotion 0.0 166.91 0
1.45 animmotion 0.0 170.44 0
1.4666666666666666 animmotion 0.0 173.82 0
1.4833333333333334 animmotion 0.0 177.05 0
1.5 animmotion 0.0 180.12 0
1.5166666666666666 animmotion 0.0 183.02 0
1.5333333333333334 animmotion 0.0 185.75 0
1.55 animmotion 0.0 188.31 0
1.5666666666666667 animmotion 0.0 190.68 0
1.5833333333333333 animmotion 0.0 192.86 0
1.6 animmotion 0.0 194.85 0
1.6166666666666667 animmotion 0.0 196.63 0
1.6333333333333333 animmotion 0.0 198.21 0
1.65 animmotion 0.0 199.83 0
1.6666666666666667 animmotion 0.0 202.41 0
1.6833333333333333 animmotion 0.0 205.91 0
1.7 animmotion 0.0 209.97 0
1.7166666666666666 animmotion 0.0 214.25 0
1.7333333333333334 animmotion 0.0 218.38 0
1.75 animmotion 0.0 222.03 0
1.7666666666666666 animmotion 0.0 224.83 0
1.7833333333333334 animmotion 0.0 226.87 0
1.8 animmotion 0.0 228.51 0
1.8166666666666667 animmotion 0.0 229.78 0
1.8333333333333333 animmotion 0.0 230.74 0
1.85 animmotion 0.0 231.43 0
1.8666666666666667 animmotion 0.0 231.89 0
1.8833333333333333 animmotion 0.0 232.17 0
1.9 animmotion 0.0 232.31 0
1.9166666666666667 animmotion 0.0 232.36 0
1.9333333333333333 animmotion 0.0 232.37 0
